132 128
[  1.   3.   3.   0.   0.   0.   1.   1. 117.  34.  10.   2.   0.   1.
   3.   2. 169.  57.   0.   0.   0.   0.   0.   1.  38.   7.   0.   0.
   0.   0.   0.   2.   1.   1.   0.   0.   1.  33.  23.   1. 101.  29.
   2.   0.  10. 163.  45.  13. 169.  68.   0.   0.   1.   9.   5.  27.
  69.   4.   0.   0.   0.   0.   0.   6.   1.   2.   5.   2.   7.  33.
   7.   0.  27.   4.   6.   2.  32. 169.  67.  54. 169.   3.   0.   0.
   1.  27.  42. 169.  55.   1.   0.   0.   0.   0.   0.  15.   3.   3.
   3.   0.   0.   0.  10.  13.  11.   5.   4.   1.   3.  13.  49. 106.
  37.   0.   0.   0.   0.   2.  20. 122.  12.   0.   0.   0.   0.   0.
   2.   9.]
[  0.   0.   0.   0.   0.   0.   5.   3.   0.   0.   0.   0.   0.   9.
  56.   9.   0.   0.   0.   0.   0.   6.  12.   0.   0.   0.   0.   0.
   0.   0.   0.   0.  21.   0.   0.   0.   0.   3.  14.  20. 111.   3.
   0.   0.   0.  44. 134.  92.  10.   0.   0.   0.   0. 134. 134.  13.
   0.   0.   0.   0.   0.  27.  14.   0.  20.   0.   0.   0.   0.   8.
  52.  11. 134.  30.   0.   0.   0.   8.  26.  38. 127.  11.   0.   0.
   0. 134. 134.  32.   0.   0.   0.   0.   0. 134. 104.   1.   1.   0.
   0.   0.   0.   3.  75.  20. 134.   9.   0.   0.   0.   1.  40.  49.
 134.   7.   0.   0.   0.  11.  24.  56.   2.   0.   0.   0.   0. 122.
  94.  15.]
[  0.   0.   0.   0.   0.   0.   0.   0. 136.   1.   0.   0.   0.   0.
   0.  25. 136.  30.  26.  12.   0.   0.   0.  28.   9.  40. 134.  54.
   0.   0.   0.   0.   7.   0.   0.   0.   0.   0.   0.   0. 136.  23.
  13.   6.   0.   0.   0.  26. 134.  33. 130. 136.   0.   0.   0.  10.
   5.  26. 136. 136.   0.   0.   0.   0.  20.   9.   0.   0.   0.   0.
   0.   0. 136. 115.  68.  27.   0.   0.   0.   2.  21.  33. 136. 136.
   0.   0.   0.   0.  34.  55.  34.  29.   0.   0.   0.   0.   5.   4.
   0.   0.   0.   0.   0.   0.  15.  39.  21.   4.   0.   0.   0.   0.
  15.  15.  22.   9.   0.   0.   0.   0.  21.  34.   2.   0.   0.   0.
   0.   0.]
[ 15.   0.   0.   3.   3.   1.   0.   5. 152.   6.   2.   4.   3.   0.
   0.  36. 142.   8.   4.  69. 152.   1.   0.  12.  12.   0.   0.  14.
 115.   3.   1.  14.  29.   2.   0.   0.   2.   2.   1.   8. 152.  22.
   4.  15.  11.   0.   0.  53.  90.  14.   7. 145. 152.   1.   1.   7.
   7.   1.   0.  18.  60.   3.   3.  11.  20.  13.   5.   4.   0.   0.
   0.   0. 152. 149.  52.  23.   5.   0.   0.   3.  20.  40.  61. 132.
  85.   0.   0.   0.   1.   2.   2.  12.  17.   0.   0.   1.   1.   5.
  11.  13.   1.   0.   0.   0.  18.  67.  37.  13.   1.   0.   0.   0.
  40.  37.  30.  13.   0.   0.   0.   1.   2.   4.  16.   8.   4.   0.
   0.   0.]
[ 16.   1.   0.   1.   1.   1.   1.   4. 116.   1.   0.   0.  17.  19.
  19.  58.  15.   0.   0.   1. 159.  77.  16.  15.   0.   1.   0.   1.
  20.   6.   1.   1.  31.   4.   1.   9.  14.   2.   0.   3. 171.  10.
   1.   2.  41.  15.   4.  49.  34.   1.   0.   4. 171.  54.   4.  15.
   3.   2.   1.   3.  39.   3.   0.   2.  30.   6.   0.  13.  30.   0.
   0.   1. 171.  47.   0.   2.  46.   4.   1.   4.  55.   9.   0.   1.
 171.  36.   1.   2.   1.   1.   2.   5.  50.   4.   0.   3.  13.   4.
   0.   8.  24.   0.   0.   0. 171.  55.   0.   3.  26.   0.   0.   0.
  52.  16.   1.   7. 171.  13.   0.   0.   0.   1.   3.   5.  52.   2.
   0.   0.]
[ 32.   0.   0.   0.   0.   1.   3.   8. 176.   0.   0.   0.  36.   7.
   1.  22.  40.   0.   0.   0. 176.  31.   1.   6.  22.   0.   0.   0.
  25.   3.   0.   8.  43.   1.   0.   3.   1.   1.   1.   6. 176.   8.
   1.   3.  48.   4.   0.  11.  55.   2.   1.   8. 176.  17.   0.   4.
  26.   0.   0.   1.  36.   4.   0.  16.  42.   1.   0.   2.   3.   2.
   1.   6. 176.  28.   4.  21.  36.   0.   0.  13.  37.  10.   4.  69.
 176.   4.   1.   3.  15.   1.   0.   5.  29.   3.   1.  11.  27.   8.
   1.   1.   0.   0.   0.   2. 160.  69.  20.  24.  20.   0.   0.   5.
  10.  11.  15.  63. 104.   1.   0.   1.   1.   1.   1.   4.  16.   1.
   0.   1.]
[  1.   8.  23.  37.  20.   0.   0.   0. 129.  78.  37.  14.   5.   0.
   0.  11.  95.  14.   2.   0.   1.   2.   4.  40.   7.   5.   1.   2.
   1.   4.   4.   6.   7.   5.   8.  62.  53.   2.   1.   4. 138.  47.
   6.  13.  17.   2.   2.  59. 137.  33.   9.   3.   0.   0.   0.  17.
   3.   3.  34.  50.   2.   1.   1.   2.  17.  14.  12. 103.  36.   0.
   0.   2. 138. 123.  10.  15.   4.   0.   1.  38.  62.  96.  42.  21.
   8.   4.   7.  20.   1.   8.  90. 138. 112.  14.   1.   0.  34.  10.
   3.  64.  36.  10.   9.   8. 138.  47.   3.   5.   2.   1.   6.  63.
  42.  27.  29.  15.  14.  14.  17.  32.   0.   1.  11.  78. 138.  42.
   2.   0.]
[  1.   3.   8.  53.  16.   0.   0.   0. 125.  46.   7.  21.  12.   1.
   1.  24.  98.  53.  12.   3.   0.   0.   0.  13.   2.   5.  44.  65.
   4.   0.   0.   0.  10.   5.   8.  92.  30.   1.   0.   1. 129.  45.
   6.  23.   7.   0.   1.  55.  72.  48.  15.   8.   8.   7.  16.  48.
   0.   6.  39. 107. 129.  25.   2.   0.  12.   3.   2.  29.  24.  24.
  39.  26. 129.  38.   2.   4.   3.   6.  41. 103.  45.  46.  59.  39.
  14.   9.  12.  21.   0.   0.  33. 129. 129.  15.   1.   0.  48.   1.
   0.   0.   0.   2.  19.  55.  31.   3.   8.   7.   1.   2.  32.  98.
   4.   3.  20. 129. 110.  14.  13.  11.   0.   1.  18. 129.  74.   0.
   0.   1.]
[  3.   0.   0.   0.   1.   3.   1.   1.  50.   2.   0.   0.   2.   4.
   3.  23. 103.   1.   0.   0.  16.  38.  42.  86.   2.   0.   0.   0.
 109. 107.  16.   5.   3.   0.   0.   2.   6.   3.   0.   1.  99.  13.
   2.   6.   5.   0.   0.   3. 157.  17.   0.   0.  39.  16.   3.  29.
  12.   1.   0.   1. 157.  55.   2.   4.   2.   0.   0.   8.  16.   8.
   1.   1. 116.  17.   3.  15.   8.   0.   0.   5. 157.  23.   0.   0.
  26.  23.   8.  63.  14.   1.   0.   1. 157. 107.   6.  10.   2.   0.
   0.   6.  33.   1.   0.   0.  77.  22.   1.   8.  16.   0.   0.   0.
 157.  77.   0.   0.  15.   4.   1.   2.  27.   9.   0.   0. 157.  58.
   1.   0.]
[  3.   1.   1.   3.   6.   5.   0.   1.  33.   3.   2.  12.   9.   0.
   0.   4. 166.   6.   1.   1.   3.   2.   3.  48.  33.   3.   1.  16.
 161.  15.   4.  12.   0.   0.   0.  14.  20.   4.   0.   0.  76.   7.
   2.  23.   8.   0.   0.   5. 166.  12.   1.   1.   6.   7.   8.  81.
  26.   2.   1.   6. 166.  60.  11.  21.   0.   0.   0.  10.  38.   0.
   0.   0.  85.   8.   0.   8.  13.   0.   0.   0. 166.  32.   1.   1.
   7.   0.   0.   1.  40.   6.   1.   3. 166.  16.   0.   0.   0.   0.
   0.  11.  25.   0.   0.   0.  56.   8.   0.   6.  11.   0.   0.   0.
 166.  32.   0.   1.   4.   0.   0.   0.  37.   6.   0.   3. 166.   4.
   0.   0.]
[ 21.   3.   0.   0.   0.   0.   0.  22.  50.  23.   3.   0.   0.   0.
   0.  61.  78.  21.   2.   0.   0.   0.   3. 119.  87.   1.   0.   0.
   0.   6. 105. 138.  30.  11.   4.   2.   3.   0.   0.   2.  36.  79.
  54.  14.   9.   1.   0.   5. 138. 126.  17.   1.   0.   0.   0.  17.
 138. 104.  17.   0.   0.   1.  10.  43.  33.  12.   0.   1.   5.   4.
   1.   1.  41.   7.   6.   8.  20.  20.  23.  46. 138.  42.   2.   0.
   0.   1.   4.  64. 138.  91.  12.   0.   0.   0.   2.  49.  31.  22.
   0.   0.   0.   0.   0.   1.  31.  24.  12.   1.   0.   2.   9.  22.
 108. 103.  15.   1.   0.   0.   1.  13. 100. 138.  13.   0.   0.   0.
   1.   9.]
[  0.   4.  33.  43.  26.   3.   0.   0.  58.  45.  60.  80.  43.   1.
   0.   3. 150. 128.  12.   4.   7.   1.   0.  14.  99.  72.   9.   8.
  19.   4.   1.   7.   0.   0.   0.   4.  65.  49.   2.   0. 118.   4.
   0.   5. 110.  44.  11.  21. 150.  48.  15.   3.   5.   3.   4.  49.
 134.  55.  34.   9.  15.   8.   2.  18.   2.   6.   1.   0.  21.  39.
  13.   3.  35.   1.   0.   0.  20.  59. 115.  96. 150.  33.  24.  13.
   2.   1.  26. 122.  50. 126.  48.  16.   2.   0.   0.   0.  13.  24.
   1.   0.   0.   1.   3.   3.  34.  35.   0.   0.   0.   0.  12.  25.
  16.  29.  10.  23.   6.   0.   2.  15.  17.  55.  15.  28.   7.   0.
   0.   0.]
[ 28.   7.   1.   0.   0.   0.   0.  18.  53.  33.  13.   0.   0.   0.
   1.  62.  91.  27.   6.   0.   0.   0.   1.  71. 136.   4.   0.   0.
   0.   1.  45. 110.  11.  18.  13.   5.   4.   1.   0.   1.  36.  87.
 102.  26.  10.   0.   0.   2. 136. 135.  30.   1.   0.   0.   0.   6.
 136. 127.  31.   0.   0.   0.   1.   7.   8.   5.   1.   3.  17.  11.
   1.   1.  63.   8.  10.  17.  43.  27.  19.  42. 136.  48.   2.   1.
   1.   1.   3.  60. 136.  90.  16.   0.   0.   0.   6.  70.  14.  18.
   0.   0.   1.   3.   2.   2.  30.  10.   3.   1.   2.  10.  26.  43.
  81.  80.  13.   2.   0.   0.   3.  26. 104. 136.   6.   0.   0.   0.
   1.  15.]
[  3.  19.   5.   3.   5.  14.  32.   5.  93.   2.   3.   6.   8.   8.
  25.  39. 131.   2.   0.   0.   3.  13.  17. 104.   4.   0.   0.   0.
   6.  22.  25.  25.  10.   1.   0.   0.   3.  78. 131.  69.  77.   4.
   0.   1.  17. 117. 131.  42. 131.  26.   0.   0.   3.  24.  20.  58.
  23.   1.   0.   0.   3.  57.  57.  24.  21.   8.   0.   1.  20. 131.
  26.  23.  32.  12.   0.   1.  23.  89.  82.  51.  92.   6.   0.   0.
   1.   9.  60. 131.  29.   2.   0.   0.   0.  20.  61.  68.   2.   1.
   0.   0.  45. 131.   0.   1.  36.  41.   0.   0.  19. 103.   8.  14.
  65.  61.   0.   0.   0.   2.   4.  28.  48.  32.   0.   0.   0.   0.
   2.  14.]
[  3.  10.  41.  95.  22.   1.   1.   0.  69.  90.  67.  27.   3.   0.
   0.   3.  33.  23.   6.   4.   0.   0.   0.   3.   1.   1.  12.  47.
   0.   0.   0.   0.  27.   6.  66. 124.  12.   0.   0.   2. 124.  39.
  18.  25.   2.   0.   0.  15.  58.  14.  57.  74.   0.   0.   0.   8.
   0.   0.  31. 113.   0.   0.   6.  61.  33.   8.  18.  14.   0.  20.
  52.  19. 124.  78.  57.   5.   0.  10.   6.  29.  23.  18.  90.  45.
   0.   0.  21. 124.   0.   0.  20.  71.   0.   0.  29. 124.  41.   2.
   0.   0.   1.  96.  73.  44.  47.  14.   4.   2.   1.  77.  61.  89.
  59.   8.  35.  67.   1.   0.  10. 124.   1.   0.  45. 124.   0.   0.
   5.  30.]
[  0.  14.  34.   1.   0.  59. 120.   0.   0.   9.  25.   9.   5.  96.
 120.   1.   0.  16.  35.   1.   0.  62. 120.   2.   0.   6.  47.   0.
   0.  56.  82.   0.   0.  43. 120.   7.   6.  46.  20.   0.   9.  33.
 120.  66.  13.  23.  16.   1.  77.  99.  48.   8.   1.  25.  55.   8.
  14.   5.   5.  44.   7.  68.  88.   2.   0.   1.  21. 102.  37.  65.
  13.   0.  46.  20.  40.  75.  60.  20.   0.   2. 120.  83.  49.  33.
   2.   0.   0.  13.  12.   6.  52. 120.   2.   1.   0.   1.   0.   0.
  19. 113.  14.  16.  45.   2.   7.  17.  12.  38.   4.  39.  31.   0.
  16.  68.  61.  29.   2.   6.   1.   0.   0.   2.  35.  85.   3.   0.
   0.   0.]
[  3.  21. 131.  26.   0.   0.   4.   8.  11.  23. 131.  77.   0.   0.
   3.  14.  66. 122.  40.  10.   0.   0.   3.  13.  15.  18.  19.  45.
   0.   0.   0.   2.  24.  13.  90.   6.   2.   6.   5.   4. 131.  17.
  34.   9.   0.   1.  35.  99.  64.  20.  15.  37.   4.   4.  59.  78.
  17.   6.  25.  76.   0.   0.   1.  84.  32.   6.   1.  17.  12.   7.
   5.   3. 131.  98.  30.   7.   1.   0.   3.  17.  43.  28.  57.  66.
   3.   2.   7. 114.  11.   0.   4.  13.   0.   0.   5. 131.   9.   2.
   1.  10.   1.   0.   2.  32.  57.  25.   5.   0.   0.   0.   0. 131.
  47.   7.   6.   1.   0.   0.   1. 131.   6.   0.   0.   0.   0.   0.
  12. 124.]
[ 11.   0.   0.   0. 131.  46.   0.   1. 131.  11.   3.   9.  30.  11.
   2.   9.  23.   4.  39.  90.  33.  38.   7.   2.   5.   0.  11.  55.
  45.  35.   5.   4.   9.   2.   0.   1. 131.  28.   0.   0. 131.  15.
   0.   5.  75.  20.   3.  13.  29.   2.   9.  33.  89.  91.  26.  16.
  11.   0.   4.  15.   7.  72.  71.  19.   6.   0.   0.   0. 131.  28.
   0.   0. 131.  15.   0.   0.  93.  15.   0.   5.  76.   3.   0.   0.
 117.  32.   8.  23.  37.   0.   0.   0.   4.  54.  50.  32.   2.   0.
   0.   0. 131.  18.   0.   0. 131.  23.   0.   0.  88.  11.   0.   0.
  82.   8.   0.   0.  83.  13.   0.   2.  61.   2.   0.   0.   4.   3.
   4.   4.]
[  0.   0.   0.   0. 104.  51.   0.   0.  88.  39.   0.   0. 126.  71.
   0.   0. 126.  60.   0.   0.  48.  23.   0.   0.  55.  21.   0.   0.
  36.  18.   0.   0.   0.   0.   0.   0.  73.  52.   0.   0.  65.  14.
   0.   0. 126. 123.   1.   6. 126.  46.   0.   0.  41.  34.   1.  20.
  61.  13.   0.   0.  62.  50.   1.   3.   0.   0.   0.   0.  48.  26.
   0.   0.  24.   0.   0.   0. 126. 123.  10.  26. 126.   3.   0.   3.
  37.  28.   9.  93.  53.   1.   0.  10. 101.  24.   0.   6.   0.   0.
   0.   1.  26.   9.   0.   0.  18.   2.   0.   0. 126.  32.   1.   4.
 109.  16.   1.  17.  41.   5.   1.  12.  42.   2.   1.  38.  65.   0.
   0.   5.]
[ 29.   0.   0.  37.  45.   0.   0.  37.  32.   0.   1.  41.  52.   2.
   2.  74.  82.   2.   2.  35.  59.   1.   1.  29.  68.   0.   0.   0.
   0.   0.   0.  25. 103.   8.   1.  28.  46.   0.   0.  13.  55.  10.
  11. 148. 102.   0.   0.  11. 148.  32.  16.  65.  19.   0.   0.  15.
  82.   1.   0.   0.   0.   0.   0.  11. 111.   5.   1.  14.  67.   0.
   0.   3.  77.   5.   3.  88. 148.   0.   0.   3. 148.   9.   2.  16.
  26.   0.   0.  26.  72.   8.   0.   0.   0.   0.   0.   4.  79.   0.
   0.   7.  59.   0.   0.   9.  69.   0.   0.  24. 148.   0.   0.   6.
 148.   1.   0.   2.  17.   0.   0.  17.  52.   3.   0.   0.   0.   0.
   0.   2.]
[ 16.   3.   3.   9.  12.   3.   1.   4. 158.  40.   3.   0.   7.   2.
   0.   1. 158.  47.   0.   0.   0.   0.   0.   0.  33.   3.   0.   7.
  30.   4.   1.   2.  35.   2.   0.   1.  10.   5.   3.   3. 158.  13.
   0.   0.   3.   5.  10.  40. 158.  43.   0.   0.   0.   0.   0.  23.
  49.   7.   1.  23.  56.   0.   0.   0.  58.  11.   0.   1.   4.   0.
   1.  13. 112.   3.   0.   0.   0.   0.  21. 158. 158.   4.   0.   0.
   0.   0.   7. 158.  39.   2.   0.   4.  64.  12.   0.   5.  68.  19.
   0.   1.   3.   0.   0.   2. 158.  11.   0.   0.   0.   0.   1.  52.
 100.   9.   1.   0.   0.   0.   1.  47.  19.   5.   5.   5.  28.  12.
   1.   5.]
[  3. 115. 107.   0.   0.   0.   0.   1.  31. 141. 141.   0.   0.   0.
   0.  18.  72. 141.  43.   0.   0.   0.   0.  21.   8.  34.  14.   1.
   0.   0.   0.   1.  32.  15.   4.   0.   0.   0.   1.  13. 141.  35.
   8.   0.   0.   0.   0. 141. 121.  24.   2.   2.   1.   0.   0. 141.
  12.  18.  21.   3.   1.   1.   0.   4.  49.  17.   1.   0.   0.   1.
   1.   3. 141.  48.   0.   0.   0.   0.   0.  42. 125.  25.   4.   3.
   2.   1.   0.  27.   4.   7.   7.   3.   2.   2.   1.   1.  34.   3.
   0.   0.   0.  10.  17.   7. 141.  94.   7.   0.   0.   0.   2.  29.
  63.  94.  32.   2.   3.   3.   0.  11.   1.  17.  11.   1.   2.   3.
   1.   0.]
[  4.  27.  90.  46.   3.   0.   0.   0. 109. 127.  42.  11.   3.   0.
   0.   0. 124.  77.   3.   4.  16.   2.   0.   0.  96. 115. 103.  14.
   0.   0.   0.   1.  17.   6.  12.  34.  60.   6.   0.   1. 127.  56.
   7.   6.   9.   1.   0.  22. 127.  42.   6.   8.  22.   8.   2.  12.
  91.  43.  41.   6.   1.   2.  40.  67.  14.   0.   0.   0.  48.  45.
  24.  13. 127.  28.   8.   2.   6.   7.  18.  65.  94.  72.  53.  11.
   5.   3.   1.   7. 127. 127.  13.   0.   0.   0.  12.  26.  10.   5.
   0.   0.   2.  11.  29.  23.  29.  11.   4.   7.   2.   1.  18.  57.
  17.  46.  16.  19.   4.   0.   0.   2.  40. 127.  11.   0.   0.   0.
   0.   0.]
[ 10.  39.  84.  17.   2.   0.   0.   0.  96.  43.  33.  13.   4.   0.
   0.   1.  72.   4.   0.   7.  43.   1.   0.   4. 142.   6.   0.   1.
   4.   0.   0.  30.  23.  25.  70.  47.   8.   0.   0.   2. 142.  69.
  19.   4.   5.   0.   0.   7. 122.   4.   1.  16.  61.   1.   0.   5.
 142.  40.  31.   3.   4.   0.   0.  11.  60.   2.   1.  16.  31.   0.
   0.  35. 142.   5.   0.   4.  11.   1.   0. 116. 104.   9.   2.  29.
  60.   7.   1.  15. 125.  47.  62.  27.   7.   8.  17.  16.  82.   1.
   0.   2.  16.  10.  23.  47. 140.  19.  23.   5.   6.   1.   1.  58.
  69.  13.  19.   8.  28.   9.   2.  26.  96.   8.   2.   3.   4.  14.
  63.  62.]
[ 42.  12.   4.   3.  42.  21.   4.   2. 138.  28.   0.   0.   0.   0.
   1.  10.  68.   3.   0.   0.  25.  15.   2.   9.   0.   0.   0.   5.
 138.  85.   0.   0.  41.   6.   2.   8.  45.  66.  45.  16. 138.   5.
   0.   0.   3.  13.   9.  52.  72.   2.   0.   1.  27.  10.   1.  23.
   0.   0.   0.   0. 138.  88.   0.   0. 133.  22.   3.   6.  88.  43.
   7.   8. 138.  47.   0.   0.  32.  22.   1.   7.  63.  31.  10.   5.
  13.   2.   0.   2.   0.   0.   2.   2. 138.  55.   0.   0. 129.  33.
   1.   1. 113.  23.   0.   0. 138.  38.   0.   1.  50.   8.   0.   0.
  66.  31.   7.   1.   0.   0.   0.   0.   0.   2.   3.   4.  54.  17.
   0.   0.]
[  4.  25.  16.   0.   0.   0.   1.   9.   8.  28.  10.   0.  11.  32.
  16.   9.   7.   7.   0.   0.  15.  98. 136.  12.   0.   0.   0.   0.
   1. 101. 136.   3.   2.  27.  21.   0.   0.   2.  55.   6.  23.  72.
  25.   0.   0.   3.  48.  10. 125.  45.   4.   0.   0.   3.  39.  42.
  11.   4.  12.   2.   1.  74.  76.  13.   2.  35.  22.   1.   1.   5.
 105.  15.   8.  45.  17.   0.   0.   7. 136.  28.  60.  31.  43.  17.
   1.   4.  44.  35.   7.  14. 120.  28.   1.   5.   5.   1.   2.   7.
   4.   0.   0.   4. 136.  73.   5.  21.   9.   0.   0.  33. 136.  33.
   0.   7.  20.  13.   3.  95. 136.   2.   0.   1.  21.  19.   4.  51.
 136.   0.]
[128.   2.   0.   0.   0.   0.   2. 115.  81.  14.  10.   2.   5.   0.
   3.  94.   7.   2.   8.  21. 115.  12.   1.   8.  96.   0.   0.   4.
  35.  16.   3.  52. 126.   9.   7.   8.   0.   0.  26. 119.  42.  45.
 118.  39.   2.   0.   0.   5.  42.  36.  64.  30.  43.  13.   1.   4.
 128.   1.   0.   7.  25.  13.   3. 124.   9.  10.   8.  35.   9.   0.
   8.  19.  52.   9.  22.  70.  16.   0.   0.   8. 128.  21.   9.  50.
  13.   0.   0.  18. 128.  22.   4.  20.   7.   0.   0.  78.   1.   6.
   3.  34.  16.   0.   0.   0.  67.   3.   3.  24.  12.   0.   0.   8.
 119.   9.   2.  44.  18.   1.   1.  12. 128.  57.   2.   5.   1.   0.
   0.  13.]
[  2.   0.   0.   0.   7. 108.   7.   1.  45.  22.   0.   0.  11.  53.
   6.   8.  38.  48.   0.   0.  57. 117.   1.   1. 117. 117.   0.   0.
   9.  21.   0.   0.   5.   2.   0.   0.  17.  81.   5.   2.  33.  12.
   0.   0.  45.  97.   4.   1.  72.  16.   0.   0.  44. 117.   9.  22.
  63. 117.   0.   0.  65. 117.   3.   2.   5.   9.  18.  25.  15.   9.
   0.   0.  19.  12.  11.  72.  86.  23.   0.   1. 116.  92.   8.   6.
  29.  38.   6.  19.  16.  47.   3.   0. 117. 117.   3.   2.   0.   2.
  26.  79.  10.   0.   0.   0.   1.  12.  24. 110.  11.   0.   0.   0.
  21. 117.  12.   6.   3.   1.   0.   0.  11.  78.   4.   0.  62.  69.
   0.   0.]
[120.   1.   0.   0. 119.  15.   0.  15. 120.   1.   0.   4.  98.  53.
   1.  20.   0.   0.   0.   1.  89.  46.  20.   4.   7.   0.   0.   0.
   1.   4.  39.  39. 120.  15.   2.   0. 120.  23.   0.  11. 120.  24.
  13.  89.  74.  11.   0.   8.  24.   0.   0.  24.  54.  18.  47.  73.
   3.   0.   0.   0.   0.   7. 108.  55. 120.  17.   1.   4. 120.   5.
   0.   0. 101.  20.   5.  45.  58.   0.   0.   1. 120.  18.   1.   9.
  10.   0.   2.  29.  21.   4.   0.   4.  10.   8.   9.  11.  93.  11.
   1.   2. 120.  12.   4.   4.  71.  18.   6.  25.  49.   0.   0.   1.
 103.  46.   1.   4.   8.   0.   0.   0.  19.  17.   2.   4.   6.   1.
   0.   0.]
[  6.  39.  48.  76.  22.   1.   0.   0.  74.  80.  19.   1.   0.   0.
   4.  26.  17.   1.   0.   0.   0.   2.  23.  45.   0.   0.   0.   0.
   0.   1.  28.  17.  71.  24.  13.  99.  35.   0.   0.   7. 168.  33.
   4.   1.   0.   3.  21. 102.  40.   1.   0.   0.   0.  60. 122.  53.
   0.   0.   0.   0.   0.  17.  85.  19.  94.   1.   0.  16.  37.   5.
   1.  37. 168.  56.   0.   0.   0.   1.   3.  30. 122.  39.   0.   0.
   1.  52.  39.  12.   1.   0.   0.   0.   1.  47.  72.  14.  73.   7.
   0.   0.  30.   5.   0.  11. 168.  15.   0.   0.   0.   0.   0.  13.
 168.  14.   0.   0.   0.   5.  16.  52.   7.   0.   0.   0.   0.  35.
  79.  24.]
[  9.   0.   0.   0. 145.  41.   2.   1. 145.   2.   0.   0.  68.  13.
   0.   7.  27.   0.   0.   0. 110.  32.   0.   4.   4.   0.   0.   0.
  25.  10.   1.   4.   7.   0.   0.   0. 145.  54.   0.   2. 145.   3.
   0.   1.  94.  22.   1.  27.  44.   2.   1.   7. 125.  64.   7.  10.
   1.   0.   0.   0.  23.  23.  50.  26.   4.   0.   0.   1. 145.  39.
   0.   1. 145.  32.   5.  10. 105.  14.   0.   7.  45.  16.   7.  50.
  50.  10.   6.  14.  21.   1.   0.   1.   6.   6.  56.  58.   1.   1.
   1.   6. 145.   5.   0.   0.  89.  18.   1.   6. 102.   3.   0.   0.
  52.  19.   3.  18.  13.   0.   0.   2.  56.  17.   1.   1.   1.   1.
   1.   7.]
[  0.   0.   2.   8.  80.  58.   1.   0.   1.   2.   3.   3.  29.  45.
  11.   2.   7.   1.   0.   0.   8.  25.  20.   7.  36.   1.   0.   0.
   0.   2.   1.   6.   8.  14.  27. 134. 144.  18.   0.   0. 126.  48.
  27.  19.  11.  29.  33.  24.  15.   0.   0.   0.  74.  93.  46.  11.
  53.   0.   0.   0.  14.   9.   1.  11.  35.   7.   6.  35. 154.   5.
   0.   0. 154.  28.   4.   4.  31.   5.   1.   5.  53.   1.   0.   0.
 154.  29.   1.   3.  66.   0.   0.   0.  33.   3.   0.   3.  30.   1.
   0.   0. 154.  11.   0.   0. 154.   7.   0.   0.  26.   3.   0.   2.
  53.   0.   0.   0. 154.  19.   0.   1.  51.   1.   0.   0.  32.   2.
   0.   0.]
[ 30.   1.   0.  14. 162.   0.   0.   0. 162.  11.   0.   2.  43.   0.
   0.   2.  37.   3.   1.  15. 124.   0.   0.   0.  64.  12.   1.   6.
   9.   0.   0.   1.  31.   1.   0.   4. 162.   8.   1.   2. 162.  17.
   1.   4.  50.   2.   1.   7.  50.   7.   1.  24. 162.   0.   0.   0.
  82.  16.   0.   4.  16.   0.   0.   0.   9.   0.   0.  14. 162.  61.
  30.  13. 143.  25.  32.  20.  23.  18.  34.  48.  20.  18.  49.  65.
  52.   0.   0.   0.  55.  22.   1.   5.   6.   0.   0.   0.   0.   0.
   0.  13. 105.  20.   9.   1.   3.   2.   9.  12.  65.  15.  10.   4.
  29.  13.  16.   8.  15.   3.   0.   1.  42.   7.   0.   0.   0.   0.
   0.   0.]
[ 51.  39.   1.   2.   6.   0.   0.   0. 111. 118.   8.  11.  83.  12.
   0.   0. 113.  31.   3.   8. 123.  88.  16.  26. 123. 123.  18.   0.
   0.   2.   3.  14.  44.  25.   1.   3.  11.   0.   0.   0. 123.  48.
   1.   1.  17.  13.   0.  19.  67.   6.   0.   1. 105.  89.  11.  21.
 117.  37.   6.   0.   4.   4.   3.  26.  46.  20.   1.   4.  15.   0.
   0.   0. 123.  44.   0.   2.  11.   3.   0.   6.  62.  15.   1.  14.
 123.  25.   0.   5. 102.  38.   1.   1.  11.   3.   0.  11.  16.  32.
  19.  12.  13.   0.   0.   0. 106. 123.  18.   5.   2.   0.   0.   0.
  21.  45.  24.  58.  45.   0.   0.   0.  60.  52.   4.   7.   6.   0.
   0.   0.]
[  0.   0.  22.  34.   0.   0.  12.  16.   2.   2.  12.  15.   0.   0.
  37.  59.  13.   4.   3.   2.   0.   1.  79. 112.   0.   0.   0.   0.
   0.   7.  89.  52.   0.   0.  31.  56.   0.   0.  45.  56.  31.  28.
 100.  96.   0.   0.  27.  52. 125.  64.  28.   9.   6.   7.  26.  73.
  13.   2.   1.   4.  25.  32.  33.  11.   0.   0.  67. 115.   0.   0.
  64.  80.  21.   5.  37.  51.   0.   0. 125. 125. 125.  14.   5.   5.
   3.   1.  48. 125.   8.   2.   1.   7.  12.   5.  20.   9.   0.   0.
   2.   4.   0.   0. 125. 125.   0.   0.   0.   0.   0.   2. 116. 112.
   0.   0.   0.   0.   0.   1.  56.  32.   0.   0.   0.   0.   0.   0.
  37.  26.]
[ 84.   1.   0.   2.  18.   0.   0.   9. 133.  25.   7.   0.   0.   1.
  10.  61.   9.  11.   6.   1.   2.  21.  32.  25.  30.   0.   0.   0.
   1.   3.   3.  16.  99.   4.   1.   4.  23.   0.   0.   7.  84. 125.
 115.  49.  41.   1.   1.   7.  75. 149.  87.   9.   8.  12.   5.   5.
  39.   6.   1.   1.   2.   2.   1.  18.  92.   0.   0.   3.  35.   0.
   0.   9.  89.  20.  13.  35. 149.   0.   0.   8. 149.  64.  10.   5.
  19.   0.   0.  36.  64.   2.   0.   0.   0.   0.   0.  33.  78.   0.
   0.   1.  32.   0.   0.   9.  89.   0.   0.   8. 149.   1.   0.  12.
 149.   0.   0.   0.  13.   0.   0.  50.  47.   0.   0.   0.   0.   0.
   0.  32.]
[  3.  12.  50.  46.   0.   0.  24.  36. 119.  54.  28.   8.   0.   1.
  26.  69.  27.   1.   0.   0.  20.  37.  70.  43.   0.   0.   0.   0.
  13.  33.  18.   1.  38.  23. 112. 131.   0.   0.   2.   7. 154.  87.
  31.  11.   2.   1.   1.  17. 106.   8.   2.  25.  78.  20.   2.   5.
   0.   0.   0.  11.  42.  17.   1.   0.  25.   2.  10.  16.   0.   0.
  92. 154. 154.  19.   7.   4.   1.   0.  39. 154.  56.  17.  16.  58.
  26.   1.   2.   7.   0.   0.   0.  10.  11.   5.  11.   2.   0.   0.
   0.   0.   0.   0. 113. 154.   5.   1.   1.   1.   1.   4.  45.  83.
   2.   1.   3.   4.   1.   3.  15.   6.   0.   0.   0.   0.   0.   0.
  16.   9.]
[  4.   0.   0.   0.   1.   3.  45.  12.   5.   0.   0.   0.   0.   1.
  45.  56.   0.   0.   0.   0.   0.   0.  79.  54.   0.   0.   0.   0.
   0.   0.  75.  42.  27.   0.   0.   0.   6.   9.   5.   8. 118.   3.
   0.   0.   2.   3.  24.  82.  24.   0.   0.   0.   0.   0. 131. 125.
   0.   0.   0.   0.   0.   0. 131.  91.  28.   0.   0.   0.   4.  14.
   2.  11. 131.  29.   0.   0.   3.  10.   2.  15. 131.  13.   0.   0.
   0.   0.  43. 114.  42.   1.   0.   0.   0.   0. 131. 129.  16.   1.
   0.   0.   3.  11.   4.  20. 127.  48.   1.   0.   6.  17.   2.   2.
 131. 120.   1.   0.   0.   0.   0.   5. 131.  20.   0.   0.   3.   0.
   4.  17.]
[ 73.   7.   0.   0.  42.   6.   0.   2. 106.  12.   0.   1. 159.  22.
   0.   1. 159.  43.   0.   0.   7.   1.   0.   0.  77.  19.   0.   0.
   0.   0.   0.   0.  77.  19.   0.   2.  56.   4.   0.   0. 110.  15.
   0.   3. 159.  20.   0.   4. 159.  52.   0.   0.  15.   3.   0.   7.
  76.  39.   6.   3.   0.   0.   0.   0.  31.  37.  11.  10.  48.   1.
   0.   0.  60.  30.  20.  11.  87.  25.   8.  30. 159.  27.   0.   0.
   5.   6.   4.  61.  55.  24.  11.  45.  16.   0.   0.   1.   1.  10.
   8.   8.  42.   2.   0.   0.  55.  40.  12.   2.   3.   1.   1.   4.
 159.  68.   0.   0.   0.   0.   0.   6.  41.  19.   2.  24.  81.   0.
   0.   0.]
[  2.   0.   0.   0.  47.   9.   4.   2.  69.  11.   1.   1.   5.   3.
   8.   7. 165.  25.   1.   0.   0.   0.   0.   4.  69.   5.   0.   4.
 114.   2.   0.   3.  12.   0.   0.   0.  40.  23.  14.  22.  36.  21.
   9.  13.  76.  23.  25.  21. 165.  50.   9.   6.  13.   0.   0.  12.
  86.   0.   0.   0.  94.  35.   4.  12.  38.   0.   0.   0.  52.  15.
   1.  17.  67.   1.   1.   2. 165.  13.   1.  13. 165.   4.   1.   1.
  35.   2.   0.  20. 101.   0.   0.   0.   7.  21.  14.  21.  23.   0.
   1.   8.  30.   6.   4.  38.  50.   1.   0.   1. 165.  17.   4.  18.
 165.   8.   0.   1.  29.   1.   0.  13. 106.   2.   0.   0.   0.   0.
   0.  13.]
[  1.   0.   0.   0.  29.  24.   4.   2.  11.   0.   0.   1. 114.  29.
   0.   3. 108.   1.   0.   0.  20.   6.   3.  49.  11.   0.   0.   1.
 130.  22.   4.  14.   0.   0.   6.  37.  28.   7.   2.   2.  20.   3.
   2.  49. 130.  10.   0.   1. 130.  13.   2.   8.  31.   1.   0.   9.
  24.   1.   0.  23. 130.   1.   0.   1.   0.   0.   3.  23.  29.  52.
  22.   0.  19.  10.   9.  46. 130.  25.   1.   3. 130.  55.   9.  20.
  32.   3.   0.   8.  15.   5.   0.  59. 130.  12.   0.   0.   0.   0.
   0.   0.  47. 114.  35.   0.  19.  24.  19.  76. 130.  48.   1.   0.
 130.  93.  20.  27.  29.  14.   3.  21.  27.   2.   0.   2. 101.  81.
   3.  10.]
[  5.   0.   0.   0.  22. 101.   9.   2. 117.  30.   0.   0.   7.  25.
   5.   7. 131.  28.   0.   0.   0.   1.   3.  18.  21.   2.   0.   0.
   0.  39.  29.  15.   0.   0.   0.   0.  20. 115.  54.   0.  50.  31.
   1.   1.  35. 118.  33.   6. 131.  73.   1.   0.   3.   4.   2.  19.
  90.   9.   0.   0.   0.  12.  23.  33.   0.   0.   0.   0.   8.  73.
 131.  10.  17.   1.   0.   0.  75. 131.  32.  13. 131.  13.   0.   0.
   5.  31.  12.  50. 131.   4.   0.   0.   0.   2.   6.  44.   6.   4.
   1.   0.   5.  55.  27.  11.   1.   0.   0.   0.  45. 131.  11.   2.
 103.  12.   0.   0.  11.  67.  23.  17. 131.  19.   0.   0.   0.   0.
   3.  30.]
[ 24.   5.   3.   0.   0.   0.   4.  34. 131.   1.   0.   0.   0.   0.
  13. 104.  43.   0.   0.   0.   0.  26. 131.  72.   0.   0.   0.   0.
   0.  73. 131.   1.  97.  45.  11.   0.   0.   0.   0.   2. 131.  21.
   3.   0.   0.   0.   0.  37. 103.  29.  42.   0.   0.   2.  10.  24.
   2.  14.  29.   1.   1.  16.  28.   2. 131.  23.   1.   0.   0.   0.
   0.  27. 131. 121.  30.   0.   0.   0.   4.  17.  25. 100. 131.   0.
   0.   0.   5.   8.   2.  62. 128.   1.   0.   0.   3.   2.  79.  27.
   3.   0.   0.   0.   0.  29.  88.  32.   3.   0.   0.   0.  28.  75.
  13.  26.  15.   0.   0.   1.  75.  55.   4.  17.  14.   0.   1.   4.
  73.  12.]
[138.  72.   3.   0.   0.   0.   0.   8.  38.  30.  14.   0.   0.   0.
   2.  23.  19.   7.   3.   0.   0.   0.   5.  19.   1.   0.   0.   0.
   0.   3.  25.   9.  36. 138.  53.   5.   2.   0.   0.   2.  22. 138.
 138.   0.   0.   0.   1.   6. 112. 118.  35.   0.   0.   0.   4.  19.
  21.   2.   0.   0.   0.   1.  38.  19.  10.  48.  11.   4.   7.   7.
  10.   2. 138. 113.  28.   0.   0.   0.   1.   8. 138.  38.   4.   0.
   0.   0.   0.  53.  39.   0.   0.   0.   0.   0.   5.  17.   3.   1.
   0.   0.   1.  54. 134.   4. 138.   5.   0.   0.   0.  19.  65.  83.
 138.   0.   0.   0.   0.   0.   1.  99.  18.   0.   0.   0.   0.   0.
   0.   6.]
[  1.   4.   1.   1.  29. 139.   6.   1. 109.  67.   0.   0.   0.  34.
  12.  16. 139.  49.   0.   0.   0.   7.   7.  28.  10.   0.   0.   0.
   4. 127.  26.   9.   0.   0.   1.   1.  15. 139.  20.   1.  90.   9.
   0.   0.   3. 139.  66.  31. 139.  26.   0.   0.   0.   4.  22. 110.
  28.   0.   0.   0.   0.  58.  40.  31.  10.   9.   0.   0.   0.  43.
  62.  25.  19.   2.   0.   0.   0.  69. 139. 104.  81.   3.   1.   0.
   0.   5.  74. 139.  10.   2.   1.   0.   0.  43.  25.  34.  40.  48.
   1.   0.   0.   0.   5.  12.  49.  46.   0.   0.   0.   0.  12.  29.
  32.  58.   2.   0.   0.   0.   5.  27.   5.  17.   2.   0.   0.   5.
   1.   1.]
[  6. 104. 131.   0.   0.   0.   2.   1.  59. 131.  25.   0.   0.   0.
   9.   6.  38.  45.   0.   0.   0.   1.  57.  26.   2.   0.   0.   0.
   0.   6. 108.   7.  14.  30.  11.   0.   0.  21. 117.  10.  77. 131.
   4.   0.   0.   6.  58.  26. 131. 131.   1.   0.   0.   0.  11.  46.
  37.   3.   2.   0.   0.   1.  51.  19.   0.   0.   0.   1.   1.  39.
 131.  10.  35.   9.   0.   0.   0.  11. 131. 131. 131.  31.   5.   0.
   0.   0.  29. 131.  33.  20.  25.   2.   0.   0.   1.   5.   4.  12.
   7.   0.   0.   1.  36.  18.  32.  27.  15.   0.   0.   0.  18.  55.
  26.  57.  31.   0.   0.   0.   2.  17.   2.  36.  58.   0.   0.   0.
   3.   2.]
[ 23.   6.   6.   1.   0.   1.   2.  55.  87.  10.   5.   0.   0.   0.
   0. 132.  92.  19.   5.   1.   0.   2.  23. 132.   9.   9.  15.  24.
  34. 126.  46.  43.  50.   1.   1.   0.   1.   3.  10.  90. 132.  15.
   0.   0.   0.   0.   0. 132. 132.  64.  11.   2.   0.   0.   0.  36.
  29.  20.  23.  29.  11.  10.  30.  43.  49.   1.   0.   0.   0.   0.
   4.  91. 132.  50.   0.   0.   0.   0.   0.  37. 132.  73.   2.   0.
   0.   0.   0.   7. 128.  45.   2.   0.   0.   0.   4.  30.  16.   2.
   0.   0.   0.   0.   9.  79.  75.   6.   0.   0.   0.   0.   1.  62.
 107.  45.   2.   0.   0.   0.   0.   7.  30.  77.  20.   0.   0.   0.
   0.   1.]
[ 28.  26.   1.   2.   2.   1.   1.   1.   6.   7.  10.  15.   6.   5.
   2.   1.  58.  10.   5.   2.   0.   4.   4.  61.  24.   0.   0.   0.
   4.  19.  12.  58.  21.  33.  34.  25.  11.   8.   0.   0.  21.  31.
  66. 102.   5.   0.   1.   5. 134.  58.  17.   8.   0.   0.   0.  34.
  69.   0.   0.   0.   5.  29.  12.  41.  13.  18.  84. 134.  43.  31.
   2.   0. 134.  47.  74.  42.   2.   3.  21.  84. 134.  13.   2.   1.
   0.   0.  32.  95. 109.   7.   0.   0.   5.  11.   2.   9.  21.   8.
   5.  25.  82. 134.  35.   1. 134. 134.   3.   3.  31.  44.  13.  31.
 118.  66.   0.   1.   0.   0.  32.  55.  49.  16.  29.  34.   2.   0.
   0.   8.]
[  1.  17. 137.  38.   3.   0.   0.   0.  21. 112. 137.  10.   3.   0.
   0.   0.   7.  18.  23.  64.  24.   0.   0.   0.   3.   1.   5.  32.
  27.   6.   3.   4.  36.  21. 135. 115.  45.   0.   0.   3. 137. 121.
  81.   7.   1.   0.   0.  24.  61.  27.  45.  46.  17.   1.   0.   5.
   1.  13.  19.  12.  11.   6.   9.   2.  51.   5.   3.  33.  22.   7.
  19.  41. 137.  60.  19.  16.   6.   0.   2.  60.  55.  53. 110.  79.
  24.   1.   0.  13.  43.  45.  33.  15.  12.   1.   1.  22.  82.  19.
   4.   0.   0.   0.   3.  19. 126.   4.   1.  11.  30.   1.   1.  68.
 106.   6.   3.  30.  58.   2.   1.  31.  69.   2.   1.  22.  29.   0.
   0.  28.]
[  4.   1.  29.  69.  86.  26.   0.   1. 141.   9.   0.  15.  40.   8.
   4.  44.  68.   3.   7.   1.   0.   0.  11.  82.  13.   2.  17.  12.
  19.   2.   1.  14.  10.   0.  26.  65.  43.   2.   0.   1. 141.   8.
   2.  21.  25.   1.   0.  25.  75.   9.  99. 141.  16.   0.   0.  15.
   2.   3. 141.  74.   4.   0.   0.   0.   9.   0.   2.   7.  21.  22.
   8.   7. 141.  20.   3.  24.  34.  12.   1.   7.  29.   9.  23. 141.
 141.   0.   0.   0.   0.   1. 112.  65.  37.   0.   0.   0.   7.   0.
   0.   0.  26.  18.   9.  15. 106.  17.   0.  10.  56.  11.   0.   1.
  13.   5.   0.  34. 141.   0.   0.   0.   1.   0.   0.   7.  50.   3.
   0.   0.]
[  0.   3.  76.  60.  19.  11.   0.   0.  23.  47. 106.  14.   2.   0.
   2.   9.  18.  13.  41.  21.   1.   4.  20.  21.  76.  12.   5.   1.
   0.   0.   2.  63.  10.   2.  16.  20. 134. 131.   5.   7. 134.  24.
  19.   6.  22.  12.  14. 134.  40.   2.   0.   0.   1.  49.  82.  88.
  92.   0.   0.   0.   0.   4.  10.  96.  18.   3.   8.  70. 134.  28.
   1.   2. 134.  66.   0.   3.  39.   5.   2.  34.  86.  24.   0.   0.
   4.  48.  24.  32.  60.   0.   0.   0.   0.   7.  10.  52.  12.   1.
   5.  44. 108.   1.   0.   1. 134.  12.   0.   2.  24.   0.   0.  25.
 110.   5.   1.   2.   4.   6.   6.  33.  23.   8.  27.   8.   2.   2.
   3.   7.]
[  2.   9.  56.  52.   8.   1.   0.   0.  15.  21.  67.  43.   1.   1.
   6.   8.  71.  12.  12.  14.   1.   1.  18.  35. 120.   4.   0.   0.
   0.   0.   0.  30.  18.   9.  40.  66.  41.  87.  10.   2. 124.  40.
  27.   8.   5.  10.  18.  70.  66.   5.   0.   0.   0.  28.  83.  66.
 124.   2.   0.   0.   0.   2.   7.  21.  12.   3.   1.  13. 124. 124.
  18.   1. 124. 124.   0.   0.  44.  33.   2.  14.  95.  99.   0.   0.
   0.  22.  26.  17.  58.   7.   1.   0.   0.   4.  13.  18.   0.   0.
  11.  62. 124.  18.   0.   0. 102.  71.   0.   1.  80.  23.   0.   0.
 124.  84.   0.   0.   1.   2.   2.   4.  19.   6.   8.  27.  16.   6.
   3.   3.]
[ 93.  76.   8.   7.   3.   1.   0.  30.  20.  27.  34.  63.  76.  23.
   1.   5. 133.  31.  31.   8.  11.   5.   2.  43.  29.   5.   2.  13.
  33.   4.   3.  27. 114.   8.   0.   1.   8.   1.   1.  65.  47.   6.
   3.  50. 140.  14.   2.  23. 140.  11.   3.  14.  23.   3.   0.  25.
  40.   3.   0.  25.  68.   0.   0.   7. 140.  19.   0.   2.  21.   4.
   0.  21.  63.   4.   0.  21. 140.  22.   0.   9. 140.  26.   2.   8.
  24.   2.   0.   4.  25.  10.   2.  42.  47.   0.   0.   0. 140.   5.
   0.   0.  13.  10.   0.  22.  48.   4.   1.   1. 140.  44.   1.   8.
 140.  31.   1.   3.  27.   2.   0.   0.  17.   6.   1.  19.  39.   0.
   0.   0.]
[  0.   0.   3.   9.  51.  88.   6.   0.  11.   8.  28.  49. 108.  61.
   0.   5.  56.  26.  38.   7.   6.   3.  10.  70.  60.   4.   4.   0.
   0.   0.   8.  92.   0.   0. 109.  62.  33.  24.   0.   0.  43.   5.
  14.  95. 133.  47.   0.   7. 133.  12.   0.   5.  17.   4.  10.  81.
  53.   3.   6.   0.   0.   0.  11.  84.   0.   0.  95.  55.   5.   0.
   0.   0.  61.   2.  14.  87.  83.   1.   0.   4. 133.  10.   4.  20.
  10.   0.   0.  29.  35.   7. 100. 106.   7.   0.   0.  11.   0.   0.
  10.  14.   4.   3.   3.   1.  47.   1.   1.   8.  33.  24.   3.   5.
 133.  23.   4.  38.  30.   3.   0.   5.   6.   3.  30. 133. 106.   0.
   0.   0.]
[  0.   0.   1.   9.  53.  89.   6.   0.   9.   8.  34.  57.  97.  53.
   0.   4.  48.  31.  47.   7.   4.   2.   8.  60.  62.   6.   5.   0.
   0.   0.   7.  87.   0.   0.  94.  58.  42.  35.   0.   0.  41.   5.
  11.  82. 136.  60.   0.   9. 136.  12.   0.   5.  17.   5.  13.  93.
  55.   2.   2.   0.   0.   0.  13.  98.   0.   0. 109.  63.   6.   0.
   0.   0.  60.   3.  15. 101.  92.   1.   0.   4. 136.  10.   3.  15.
  10.   0.   0.  31.  42.   8.  86.  78.   3.   0.   0.  17.   0.   0.
  15.  18.   4.   2.   2.   1.  49.   1.   2.  12.  39.  20.   2.   5.
 136.  21.   5.  37.  23.   2.   0.   7.   8.   4.  40. 136.  87.   0.
   0.   0.]
[  0.   0.   0.   4.  19.  23.   1.   0.  14.  15.  23.  19.  16.   9.
   0.   0.  13.  18.  46.  43.   2.   0.   0.   2.  85.  18.   9.   5.
   0.   0.   1.  27.   0.   0.   0.  28.  42.  79.  19.   0.  17.  14.
  65. 113.  53.  68.   4.   2. 110.  31.  57.  23.   3.   5.  21.  67.
 121.   4.   2.   1.   0.   0.  19.  64.   0.   0.  17.  25.  17. 117.
  33.   0.  25.   8.   7.  39. 121. 121.  19.   2. 121. 118.   1.   2.
  44.  27.  13.  32.  85.  25.   3.   3.   0.   1.  19.  39.   0.   0.
  81.  87.   3.   2.   0.   0.   1.   2.  26.  96. 121.  14.   0.   0.
 121.  83.   0.   4.  70.  14.   0.   0. 112.  42.   5.  37.  28.   0.
   0.   5.]
[  0.   3.   9.  48.  16.  10.  15.   2.   0.   4.  13. 113. 120.   2.
   5.   5.  42.   0.   0.  89. 120.   0.   4.  69.  21.   0.   0.   0.
   0.   4.  52.  55.   0.  14.  43. 120.  21.   0.   0.   0.  11.  23.
  60. 120. 120.   5.   1.   3. 120.  22.   1.  54.  76.   2.  20. 120.
  38.  12.   0.   0.   0.  26. 120.  64.   0.   1.  15.  65.  34.  25.
  41.   2.   9.   3.  19.  59.  36.  85.  90.  12. 120.  54.   0.  12.
   6.  15.  75.  74. 103.  79.   1.   0.   0.   5.  21.  13.   1.   1.
   0.   7.  11.   8.  20.   6.  12.   0.   0.  10.  23.  21.  28.  12.
  37.   4.   0.   0.   0.   2.  33.  44.  41.  56.   1.   0.   0.   0.
   1.   7.]
[  0.   7.  12. 114.  82.   0.   0.   0.  15.   0.   0. 123.  92.   0.
   2.  63.  22.   0.   0.   5.   2.   3.  36. 106.   1.   0.   0.   0.
   0.  14.  42.   6.  13.  13.  40. 123.  66.   2.   0.   5. 123.   3.
   1.  50.  40.   0.  20. 123.  22.   1.   0.   0.   0.  45. 123. 110.
   0.   0.   0.   0.   0.  73. 100.   0.  21.   1.   9.  50.  25.  71.
  57.  18. 123.  36.   1.   6.   1.   4.  34.  84. 118.  32.   0.   0.
   0.  27.  55.  25.   2.   1.   0.   0.   0.  85.  87.   1.   5.   0.
   0.   1.   4.  23.  54.  20.  68.   9.   0.   0.   0.   1.  48.  58.
  88.  64.   0.   0.   0.   0.   1.   7.   5.  26.   0.   0.   0.   8.
   8.   0.]
[  8.   6.  13.   5.   2.   5.   2.   3. 102.  14.   2.   0.  36.  22.
   2.  17.  46.   9.   0.   1. 125.  84.  14.  20.  20.   5.   1.   8.
 125.  85.  15.  17.  17.  10.  14.   9.  10.   3.   0.   0. 125.  25.
   4.   1.  14.   9.   7.  15.  35.   3.   2.   1.  51.  66. 117.  75.
   7.   0.   0.   1. 125. 125.  93.  70.  16.   2.   0.   3.  17.  19.
  38.   9. 125.  12.   2.   1.   2.   2.  15.  40.  88.  16.   9.   4.
   2.   3.  16.  28.  72.   4.   0.   0.  10.  49.  74.  69.   2.   1.
   0.   0.   0.  23. 125.  18.  45.   0.   0.   1.   4.  14. 116.  68.
  83.  20.   3.   6.  26.  21.  10.  17. 125.  18.   1.   1.   0.   0.
   0.  14.]
[ 38.  12.   0.   7.  70.   4.   0.   0.  44.  36.   8.  43. 155.  20.
   0.   0. 155. 109.   4.   4.  12.   1.   0.   0.  38.  11.   0.   0.
   0.   0.   0.   0.  54.   9.   0.   1.  71.   8.   0.   3.  57.   5.
   0.   1. 155.  66.   4.   6. 155.  28.   0.   0.  28.   9.   4.  21.
  76.   4.   0.   0.   0.   0.   0.   2.  52.  33.   0.   0.  32.  11.
   1.   0.  14.   2.   0.   0. 143. 138.  85.  33. 144.   4.   0.   0.
   8.  22.  78. 155.  45.   3.   2.   1.   0.   0.   0.  16.  44.  44.
   5.   0.   4.   4.   1.   1.   8.  28.  15.   0.   2.  19.  46.  11.
   3.   7.   1.   0.   0.   2.  35.  37.   2.   0.   4.   4.   2.   3.
   1.   5.]
[  1.   1.   1.   4.   2.   2.   8.   3.   1.   2.  37.  33.   4.   2.
   0.   1.   1.  18.  52.   9.   6.  29.   6.   0.   2.   4.   2.   1.
  41.  50.  10.   1.   0.   0.   0.  20.  43.   1.   1.   0.  10.  18.
  82. 152. 135.   0.   0.   0. 150. 116. 101.  35.  11.   0.   0.   4.
  33.  11.   2.   1.  70.  13.   0.   2.   0.   0.   0.  20.  92.   1.
   0.   0.  51.   5.   5.  87. 152.   1.   0.   6. 152.  16.   5.  11.
  32.   0.   0.  41.  49.   0.   0.  10.  57.   6.   0.   6.   0.   0.
   0.   4.  82.  14.   0.   0.  45.   0.   0.  14. 152.  64.   7.  25.
 152.   0.   0.   1.  17.   8.   4.  81.  23.   0.   0.   6.  64.   1.
   0.   6.]
[  0.   0.   0.   7. 113.  11.   0.   0.  88.  20.   7.  24. 151.  26.
   1.   2. 151.  41.   2.   1.   7.   1.   0.   1.  12.   2.   0.   5.
  46.   9.   0.   1.   0.   0.   0.   3. 114.  27.   0.   0.  85.  14.
   0.   6. 151.  95.   1.   8. 151.  44.   0.   0.  15.   8.   1.  19.
  25.   2.   0.   2.  61.  17.   0.   1.   0.   0.   0.   1.  37.  31.
   0.   0.  26.   1.   0.   0. 149. 151.  32.  44. 151.   3.   0.   0.
   8.  28.  25. 136.  19.   0.   0.   0.  49.  18.   0.   6.   0.   1.
   1.   4.   8.   3.   0.   0.   1.   0.   0.   1.  18.  52.  35.  14.
  17.   0.   0.   0.   0.   9.  31.  51.   3.   0.   0.   0.  29.  10.
   1.   3.]
[ 65.   1.   0.   1.   0.   0.   0.  13.   8.   2.  16.  46.   7.   0.
   0.   1.  11.  45.  46.  27.   1.   0.   0.   0.   8.   8.   3.   1.
   0.   0.   0.   5.  69.   1.   0.  10.  12.   0.   0.  15.  12.  11.
  23. 146. 116.   0.   0.   1. 146.  98.  48.  82.  14.   0.   0.   1.
  63.   9.   0.   0.   0.   1.   1.   6.  36.   1.   1.  25.  47.   0.
   0.  18.  39.   3.   2. 146. 146.   0.   0.  15. 146.  15.   2.  21.
  33.   0.   0.  71.  78.   3.   0.   0.   0.   0.   0.   8.  18.   0.
   0.  33.  82.   2.   0.   4.  67.   1.   1.  81. 146.  12.  11.  42.
 146.   0.   0.   3.   5.   0.   2. 129.  22.   0.   0.   0.   0.   0.
   0.  15.]
[  6.   1.   0.   0.   0.   7. 130.  77. 130.  33.   6.   0.   0.   0.
  51. 130. 103.  88.  90.   0.   0.   0.   0.  29.   1.  25. 126.   0.
   0.   0.   2.   3.  23.  22.  23.   3.   1.   1.  18.  37.  44. 106.
  98.   3.   1.   0.   3.  28. 125. 116.  62.   0.   0.   0.   3.  22.
  44.  17.  31.   0.   0.   0.  60.  65.   6.   3.   7.   3.   8.  14.
   4.   9.  65.  20.  23.   4.   5.   9.   6.  22. 130.  55.   3.   0.
   0.   0.   0.  23. 130.  62.   0.   0.   0.   0.  10.  19.   5.   0.
   0.   0.   2.  12.   2.   3.  50.   2.   0.   0.   1.  11.   6.  10.
 130.  33.   0.   0.   0.   0.   0.   4. 130.  22.   0.   0.   0.   0.
   0.   1.]
[ 13.  51. 137.   3.   1.   1.   1.   2. 137.  94.  52.   0.   0.   0.
   3.  17. 134.  47.   8.   0.   0.   1.  29.  47.  15.  45.   4.   0.
   0.   1.  76.  38.  63.  15.  16.   1.   0.   4.  19.  34. 137.  22.
   2.   1.   0.   0.   0.  79.  91.  70.  23.  13.   7.   2.   1.  26.
  59. 137.  10.   1.   0.   0.   0.   1.  63.   3.   0.   0.   0.   1.
   8.  28. 137.  61.   6.   5.   0.   0.   0.  15.  57.  51.  37.  59.
   4.   0.   0.   2. 117.  88.   7.   3.   0.   0.   0.   3.  41.   9.
   0.   0.   2.   4.   1.   1. 137.  54.   2.   3.   1.   0.   0.   0.
  68.  26.   8.  20.  11.   0.   0.   2. 137.  14.   1.   0.   0.   0.
   0.  16.]
[  0. 122. 105.   2.   0.   0.   1.   0.   3. 132. 132.  19.   4.   0.
   0.   0.  46. 132. 109.   2.   1.   0.   0.   1.   9. 100.  49.   0.
   0.   0.   0.   0.   0.  63.  55.   1.   0.  59.  53.   0.  38.  96.
 101.  13.   4.  18.  27.   8. 132. 126.  21.   2.   1.   0.   2.  21.
  40.  99.  38.   0.   0.   0.   0.   0.   1.   7.   2.   0.   0.  61.
  66.   1.  31.  10.   3.   0.   0.  56. 126.  34. 132.  70.   6.   0.
   0.   1.  19.  49.  13.  88.  42.   0.   0.   0.   0.   0.   1.  27.
   8.   0.   0.   1.   3.   0.   3.  28.   8.   0.   0.   4.  16.   5.
  19.  56.   7.   0.   0.   0.   4.   7.   2.  65.  23.   0.   0.   0.
   0.   0.]
[  8.   3.   5.  45.  69.   0.   0.   3. 119.  11.   5.   2.   2.   0.
   0.  39.  90.   3.   1.  52.  67.   0.   0.  23.   0.   0.   2.  76.
  65.   0.   0.   0.  17.   8.   4.  27.  71.   4.   0.   0. 119.  26.
   4.   5.   4.   0.   0.  34.  62.   6.   5.  74. 119.   1.   0.  14.
   0.   0.   1.  72.  92.   3.   0.   0.  33.  31.  51.  73.  73.   8.
   0.   2. 119.  93.  30.   9.   2.   2.   4.  24.  16.  25.  42. 119.
  50.   3.   2.   2.   0.   0.   5. 119.  53.   1.   0.   0.  57.  32.
  59.  33.  56.  28.  11.  20. 119.  69.  82.  17.   7.   6.   9.  38.
   1.   3.  72. 119.  34.   5.   3.   2.   0.   0.  33. 119.  19.   0.
   0.   0.]
[ 77. 124.  50.   1.   1.   8.   6.   6.  43.  56.  49.  26.   0.   0.
   0.   0.   3.  46.  55.   8.   1.   1.   0.   0.   4.   8.   3.   1.
   1.   0.   1.   3. 102.  27.   3.   4.   5.  42.  93.  53.  62.  47.
  99. 124.  92.  32.  12.  18. 124. 124. 106.  40.  11.   6.   7.  36.
  54.  28.   1.   0.   0.   0.   0.  12.   2.   0.   0.   1.   5.  51.
 124.  17.   8.   2.   3.  19.  82. 124. 124.  37. 124.  12.   3.   4.
   8.  31. 114. 124.  36.   1.   0.   0.   0.   0.   0.  42.   0.   0.
   3.   5.   2.   5.  10.   1.   0.   0.   0.   1.   1.  25.  38.   8.
   1.   0.   1.   1.   0.   3.  38.  32.   3.   1.   0.   0.   0.   0.
   0.   5.]
[  1.   9.  18.   9.   1.   0.   0.   1.   0.   9.  59.  41.   2.   1.
   0.   0.   5.  43.  46.   6.   1.   0.   0.   1.   7.  11.   3.   0.
   0.   2.   1.   1.  18. 123.  86.  28.  17.   1.   1.   2.  12.  61.
 113. 123. 123.  31.   7.   5. 123. 123.  83.  23.   9.   7.   7.  27.
  56.  21.   0.   0.   0.   0.   0.   5.  61.  78.  11.   4.   7.   3.
  73.  91.  27.  21.   6.  16.  80. 123. 123.  68. 123.  25.   2.   3.
   6.  30. 122. 123.  43.   4.   0.   0.   0.   0.   0.  26.   1.   0.
   0.   0.   0.   0.  98.  66.   1.   0.   0.   1.   2.   7.  58.  48.
   4.   0.   0.   0.   2.   3.  36.  30.   3.   1.   1.   4.   2.   0.
   0.   6.]
[ 33.  10.   0.   0.   1.   0.   0.   0.  75.  20.   1.   1.   1.   0.
   0.   2. 154.  58.   0.   0.   0.   0.   0.  45. 152.  26.   0.   0.
   3.   4.   1.  33.  47.  15.   0.   0.   1.   0.   0.   1.  95.  19.
   1.   2.   3.   3.   3.  13. 154.  26.   0.   0.   0.   0.   0.  43.
 154.   9.   0.   0.   3.   2.   1.  26.  73.   5.   0.   0.   0.   0.
   0.   4.  93.   2.   0.   0.   0.   2.   7.  72. 154.  17.   0.   0.
   0.   0.   0.  55. 154.  27.   0.   0.   0.   0.   1.   1.  63.   8.
   0.   0.   0.   0.   0.   1. 123.  15.   0.   0.   0.   0.   0.   9.
 154.  28.   0.   0.   0.   0.   0.   5. 154.  27.   0.   0.   0.   0.
   0.   0.]
[ 25.   0.   0.   0.  12.  48.  49.  45.  72.   4.   0.   0.   0.   1.
 124. 123.   6.   1.   0.   0.   8.  23. 134.  35.   0.   0.   0.   1.
 105.  92.  59.   1.  41.   1.   0.   0.  45.  67.  11.  18. 134.  17.
   0.   0.   1.   2.   4.  26.  36.   3.   0.   6.  41.   7.  12.  14.
   0.   0.   0.  23. 134.  14.   1.   0.  23.   1.   1.   2.  75.  35.
   6.  16. 134.  10.   4.   0.   2.   3.   3.  39.  39.  10.   8.   7.
  41.  11.   2.   5.   0.   0.   1.  11. 134.  41.   0.   0.   3.   9.
  95.  14.  13.  10.   5.   7.  29.  52. 130.   0.   0.   1.   3.  18.
   6.  71. 132.  11.  11.   3.   1.   1.   0.   7.  30.  60. 134.  12.
   0.   0.]
[  0.   0.  17.  67. 115.   5.   1.   1.  50.  15.  46.  16.  10.   2.
   1.  17. 138.  18.  10.   2.   6.   1.   1.  19.  36.   1.   1.  31.
  98.  13.   1.   5.   1.   1.   1.  36. 138.   2.   0.   1.  70.  22.
   4.   3.   9.   1.   1.   8. 138.  10.   1.   7.  18.   0.   0.  23.
  33.   1.   1.  62. 138.   6.   0.   2.   0.   1.   2.  16. 138.  26.
   1.   0.  69.  31.  12.   9.   7.   4.   1.   1. 138.  70.  11.  12.
  20.   0.   0.  10.  17.   7.   9.  52. 136.  14.   0.   1.   0.   0.
  19.  65. 115.  57.   2.   0.  43.  49.  64.  45.  13.   5.   1.   6.
 104. 110.  39.  11.   1.   4.  17.  24.   2.  12.  37.  76.  24.   5.
   5.   1.]
[146.  69.   7.   4.   8.   0.   0.   0.  69.  30.  16.  27.  77.   4.
   0.   0. 146.  66.   6.   3.   5.   1.   0.   0.  37.   5.   0.   1.
  13.   2.   0.   0. 146.  19.   0.   1.  13.   4.   2.  17. 111.   8.
   0.   1. 132.  21.   1.   5. 146.  31.   0.   0.  12.   3.   1.  10.
  61.   5.   0.   0.   4.   6.   0.   1. 130.   0.   0.   0.   3.   6.
  24. 125.  57.   1.   0.   0.  41.  54.  38.  60. 146.   6.   0.   0.
   4.   9.  19. 137.  51.   3.   0.   0.   0.   1.   0.  11.  57.   0.
   0.   0.   0.   0.   5.  41.  72.   1.   0.   0.   0.   3.  14.  45.
 100.   2.   0.   0.   0.   0.   5.  66.  19.   1.   0.   0.   0.   0.
   0.   6.]
[ 87.  32.   4.   3.   2.   0.   0.   4.  36.  91.  74.  34.  20.   0.
   0.   0. 109. 125.  26.   9.   9.   1.   0.   0.  75.  90.  27.  13.
  15.   1.   0.   0.  95.   6.   0.   1.  10.   3.   2.  27.  64.  23.
   5.  14.  94.  31.   8.  10. 125.  67.   2.   2.  20.   9.   4.  22.
 125.  25.   0.   1.  38.  18.   5.  11.  92.  61.   4.   1.   4.   2.
   1.   3.  51.   9.   2.   1.  16.  36.  55.  72. 125.   2.   0.   0.
   3.   9.  32. 125.  79.   1.   0.   0.   6.  18.  35.  89.  76.  73.
   2.   0.   4.   1.   0.   0. 125.  37.   1.   0.   0.   0.   4.  24.
 122.  10.   0.   0.   0.   0.   3.  43. 101.   8.   0.   0.   0.   0.
   2.  26.]
[ 61.   0.   0.   0.   0.   0.   0.  22. 148.   4.   0.   0.   0.   0.
   0.  52. 134.   4.   0.   0.   0.  11.  49. 107.   5.   1.   0.   0.
   1.  73. 113.  11.  95.   5.   0.   0.   0.   0.   0.   5. 148.  33.
   0.   0.   0.   0.   0.   5. 148.  45.   0.   0.   0.   1.   3.  18.
  28.  10.   2.   4.  20.  17.  22.   6.  95.   8.   0.   0.   0.   0.
   0.   0. 148.   7.   0.   0.   0.   0.   0.  27. 148.   7.   0.   0.
   0.   0.   0.  48.  31.   2.   2.   8.  29.   2.   1.   9.  75.   9.
   0.   0.   0.   0.   0.   0. 148.  26.   0.   0.   0.   0.   0.   8.
 148.  76.  35.   1.   0.   0.   0.   8.  10.  14.  92.  15.  12.   1.
   0.   0.]
[  7.   1.   0.   0.   2.   2.   2.  13. 106.  26.   1.   2.  13.   7.
   1.   1. 185.  49.   0.   0.   0.   0.   0.   0.  35.   4.   0.  15.
  28.   0.   0.   0.   7.   8.  16.   4.   2.   0.   0.   2. 127.   8.
   6.  12.  20.   1.   0.   4. 185.  24.   0.   0.   1.   0.   0.   4.
  52.   4.   0.  13.  70.   0.   0.   0.  10.  17.  39.  19.   7.   0.
   0.   0. 147.  17.  11.   3.   3.   0.   0.  39. 185.   3.   0.   0.
   1.   0.   0.  36.  57.   1.   0.   4.  92.   1.   0.   0.  26.   7.
   3.   8.  31.   1.   0.   0. 185.  16.   1.   0.   1.   0.   0.   6.
 185.   9.   0.   0.   0.   0.   0.   5.  47.   1.   0.   0.  66.   7.
   0.   0.]
[  5.   7.  77. 116.  38.   9.  18.  15.  92.  65.  81.  21.   0.   0.
  11.  31.  16.  26.  36.   2.   2.   9.  27.  19.   0.   1.   6.  25.
  83.  75.  27.   0.   6.   1.   7.  21. 107.  79.  39.  76.  60.  59.
  92.  40.  95.  32.  22.  54. 125. 125.  84.   8.   7.   6.   3.   5.
  19.   7.   7.  19.   7.  31.  24.   0.   4.   1.   0.   0.  40.  80.
  49.  22.  34.   5.   5.   9. 125. 125.  20.  27. 125.  18.   6.   5.
  18.  33.  11.  65.  27.   4.   5.  17.  15.   4.   4.   4.  10.   2.
   0.  10.  35.  14.   7.   1.  19.   2.   3.  65. 102.  53.   6.  11.
 115.   7.   7.  10.   7.  13.  13.  57.  12.   5.   7.   3.   1.   1.
  12.  31.]
[  2.   0.   0.   0.   0.   0.   0.   5.   7.   0.   0.   0.   0.   1.
  12.  42.   0.   0.   0.   0.   3.  11.  14.   6.   0.   0.   0.   0.
   2.   1.   0.   0.  48.   2.   0.   0.   0.   0.   0.  29. 136.  32.
  10.   5.   3.  18.  79. 136.  11.   9.  14.  46. 136. 136. 102.  46.
   0.   0.   0.  12. 136.  25.   0.   0.  65.  16.   0.   0.   0.   0.
   0.   4. 136. 136. 134.  24.   2.   3.   4.  28.   9.  30. 136. 136.
 136.  26.   6.   6.   0.   0.   0.  82. 100.   5.   0.   0.   3.   2.
   0.   0.   0.   0.   0.   0.   3.  13.  23.   7.   0.   0.   0.   0.
   0.   1.  26.  66.  12.   0.   0.   0.   0.   0.   0.  17.   8.   0.
   0.   0.]
[  1.   0.   0.   0.   0.   0.   0.   0.   2.   0.   0.   0.   0.   6.
  15.  11.   0.   0.   0.   0.  10.  76.  20.   2.   0.   0.   0.   0.
   6.  20.   0.   0.  70.   7.   0.   0.   0.   0.   0.   8. 139.  46.
  11.   9.   5.  27.  86. 139.   9.   8.  12.  59. 139. 139. 109.  34.
   0.   0.   0.   6. 113.  71.   0.   0.  47.  32.   0.   0.   0.   0.
   0.   1. 139. 139. 109.  36.   4.   3.   3.  18.   7.  34. 112. 139.
 139.  18.   4.   5.   0.   0.   0.  29. 125.  11.   0.   0.   1.   6.
   0.   0.   0.   0.   0.   0.   4.  48.  19.   3.   0.   0.   0.   0.
   0.   5.  17.  20.   5.   0.   0.   0.   0.   0.   0.   2.   4.   0.
   0.   0.]
[  0.   0.   0.   0.   0.   0.   1.   1.   0.   0.   0.   0.   0.  11.
  56.  12.   0.   0.   0.   0.   0.  34.  43.   1.   0.   0.   0.   0.
   0.   5.   0.   0.  33.  11.   0.   0.   0.   0.   1.   9. 134.  21.
   2.   3.   5.  34. 134. 134.   9.   3.   3.  17.  88. 134. 134.  31.
   0.   0.   0.   1.  18.  59.   1.   0.  41. 101.   4.   0.   0.   0.
   0.   1. 134. 134. 134.  27.   7.   6.   9.  37.  13.  41. 134. 134.
 113.  53.  10.   9.   0.   0.   0.   6.  18.  11.   0.   0.   1.  19.
   1.   0.   0.   0.   0.   0.   1.  92.  98.   2.   0.   0.   0.   0.
   0.  22.  90.  12.   0.   0.   0.   0.   0.   0.   0.   0.   0.   0.
   0.   0.]
[128.  26.   0.   0.   7.   6.   0.   1.  69.  29.   0.   0.  38.  22.
   0.   1. 132.  45.   0.   0.   1.   0.   0.   4. 116.   7.   0.   0.
   0.   0.   0.   5. 132.  48.   0.   0.   4.   3.   0.   1.  98.  15.
   0.   0.  61.  47.   5.  11. 132.  42.   3.   0.   4.   5.   3.  19.
  75.  88.  21.   0.   0.   0.   0.   1. 132.  64.   0.   0.   0.   1.
   0.   2. 132.  33.   0.   0.   9.  35.  61.  61.  72.   8.   4.   1.
   2.  25.  70. 132.  48.  46.  19.   1.   3.  28.  27.  28.  88.  39.
   0.   0.   1.   1.   4.   7. 132.  72.   1.   0.   0.   0.  14.  46.
  29.   9.  20.   1.   0.  16.  47.  83.   6.   1.  27.   3.   0.  25.
  55.  36.]
[ 11.   0.   0.   0.   0.   7.  51. 118.  25.   0.   0.   0.   1.  43.
  92.  80.  72.   3.   0.   0.   0.   1. 102. 118.   4.   0.   0.   0.
  55.  59. 103.  21.  96.   0.   0.   0.   2.  10.  10.  90.  51.   2.
   0.   0.  32.  86.  21.  27. 118.  17.   0.   0.   4.   6.   4.  19.
  24.   3.   0.   1. 118.  21.   2.   3. 111.  46.  25.   1.   2.   2.
   0.  14.  28.  14.  66.  22.  38.  30.   4.  10.  88.  54.  94.   3.
   3.   5.   2.  14.  11.  31.  93.  27.  64.  12.   0.   0.   6. 113.
  78.   1.   0.   0.   0.   0.   1.  26. 118.  16.   1.   0.   0.   0.
   0.  23. 118.   7.   0.   0.   0.   0.   0.  18. 118.  39.   3.   0.
   0.   0.]
[108.   1.   0.   0.   0.   0.   1.  18. 131.  20.   8.   0.   0.   0.
   0.  16.  73.  25.   5.   0.   0.   0.   0.  15.  95.   6.   0.   0.
   0.   0.   0.  21. 105.   3.   1.   2.   2.   1.   2.  29.  76.  67.
  78.  59.  21.   0.   0.   6. 131. 131.  43.   8.   2.   0.   0.   3.
  81.  64.  30.  20.   5.   0.   0.   2.  50.   0.   0.   7.  30.   9.
   7.  36.  91.  11.   9.  67. 130.   2.   0.  12. 131.  25.   5.  11.
  18.   0.   0.  44.  89.  17.  13.  43.  74.   0.   0.  14.  45.   4.
   2.  11.  32.   8.   3.   9.  59.   0.   0.   6.  77.  45.  41.  63.
 131.   0.   0.   3.  24.   4.   9. 113.  83.   0.   0.  13.  76.   8.
   3.  26.]
[ 53.  35.   6.   0.   0.   0.   0.   4. 104.  36.   7.   0.   0.   0.
   0.   5. 105.  47.   2.   0.   0.   0.   0.   3.  11.   4.   0.   1.
   3.   0.   0.   0. 146. 103.  18.   4.   2.   0.   0.   0.  56.  77.
  50.  46.  24.   0.   0.   0. 146. 146.  21.   6.   1.   0.   0.   2.
  39.  14.   0.   2.   7.   0.   0.   1. 146.  12.   1.   3.  13.   0.
   0.  11.  99.   8.   4.  27. 125.   1.   0.   8. 146.  22.   2.   4.
   8.   0.   0.  32.  62.   1.   0.   2.  11.   1.   0.   5. 146.   0.
   0.   1.  12.   2.   5.  63.  76.   1.   0.   6.  97.  18.   5.  19.
 146.   1.   0.   1.   4.   2.   2.  40.  40.   1.   0.   0.   4.   3.
   0.   4.]
[  0.   0.  21. 107.  17.   0.   1.   2.   9.  26.  34. 113.  28.   0.
   1.   6.  91. 113.  17.   7.   0.   0.   3.  16.  18.  25.  19.  15.
   0.   0.   4.  12.   3.   0.  25. 112.  91.  59.   1.   3.  66.   5.
  16.  74.  14.  13.  24. 113.  61.  45.  19.   8.  24.  25.  45.  78.
   9.  32. 107.  98.  14.   3.   0.   0.   3.   0.   0.   1.  71. 113.
   4.   3. 113.  23.   0.   1.  19.  90.  14.  46.  69.  15.   3.   5.
  66. 102.   8.  16.   1.   2.  14.  35.  63. 113.   1.   0.   0.   0.
   0.   0.  31.  61.   0.   0.  54.   9.   0.   0.  21. 111.  22.  13.
  76.  13.   0.   0.  22.  43.   7.  14.   0.   0.   0.   0.  35. 113.
   3.   0.]
[ 10.   0.   0.   6.  15.  18.  22.  72.  14.  22.  82.  90.  26.   1.
   1.  25.  26. 135.  77.  12.   0.   1.   7.   2.  14.  19.   3.   2.
   0.   3.  15.   2.   5.   0.   0.  17.  77.   7.   7.  31.  15.  30.
  42. 135. 135.  35.   9.   9. 135. 135.  46.  33.  17.   8.   8.  41.
  73.  32.  28.  19.   0.   0.   0.   3.  18.   9.   2.   7.  70.  15.
   0.   3.   7.   1.   0.  11. 135. 135. 112.  34. 135.   7.   1.   4.
  11.  32. 105. 135.  42.   8.  18.  24.  10.   9.   3.  18.  21.  22.
   6.  17.  11.   2.   0.   1.   6.   4.  13.  13.   9.  16.  40.  18.
   1.  10.  34.   6.   5.   8.  34.  34.   6.   4.   5.   2.   9.  20.
   7.   7.]
[  5.  18.   6.   5.   2.   9.  21.   2.   2.   5.  31.  41.   2.   5.
  40.  13.  16.  19.  33.  16.   6.   3.   5.  12.  14.   2.   0.   0.
  17.  34.   5.  12.  14.  15.   5.  19.  37.   7.   8.  20.   9.  33.
 104. 134. 134.  10.   1.   3. 134. 134. 108.  31.   8.   2.   0.   6.
  66.  21.   0.   4.  17.   8.   2.   3.   0.   0.   0.   2.  56.  34.
  26.  33.  14.   8.   9.  33. 134. 134.  43.  23. 134.  40.   9.   8.
  17.  40.  49. 134.  86.  11.   8.  38.   8.   0.   0.  12.   0.   1.
   8.   2.   9.  15.   5.   6.   0.   0.   6.   3.  23. 134.  69.   7.
  25.   1.   2.  10.  14.  28. 101.  84.  11.  11.  12.  76.  34.   1.
   2.  10.]
[120.  10.   0.   1.   6.  18.  54.  36. 111.  10.   7.  76.  54.   0.
   1.  12. 128.  48.  15.  50.  27.   0.   0.   3.  39.   8.   0.   0.
   7.   1.   0.   3.  23.  16.  42.  41.  92.  37.  39.  14.  49.  30.
 108. 128.  44.   2.  14.  13. 128.  37.   9.  50.  17.   0.   5.  20.
  57.   3.   1.   2.   6.   1.   1.  10.   0.   1.  20.  39. 128.  43.
  66.  21.  11.   3.  37.  28.   9.  14. 128. 104. 128.   8.   2.   5.
   0.   5. 100. 121.  41.   6.   0.   1.   1.   1.   2.  12.   0.   1.
  34.   3.   4.  26.  84.  14.   0.   3.  45.   0.   0.   5.  94.  49.
   5.  12.  21.   1.   0.   4.  44.  38.   6.   3.   1.   2.   1.   0.
   1.   8.]
[ 42.   0.   0.   1.   6.  17.  30. 125.  20.   0.   0.   6.  16.  20.
  45. 125.  61.   0.   0.   0.   0.   0.   1. 125.  16.   0.   0.   0.
   0.   0.   0. 118.  42.   4.   0.   0.   1.  33. 114. 125.  23.   4.
   0.   0.  13.  78. 122.  61. 125.  19.   0.   0.   1.   4.   6.  83.
  50.   1.   1.   0.   0.   0.   0.  33.  48. 125.  12.   0.   2.  15.
  18.  29.   5.  44.   4.   0.  16.  93.  66.  21.  48.   4.   0.   1.
   1.   8.  45. 121.  20.   1.  10.  33.   3.   0.   0.  20.  48. 125.
   6.   0.   0.  10.  51.  21.   8. 125.  30.   0.   0.   4.  13.   4.
   7.  84.  10.   3.   3.   0.   8.  15.   0.   4.   3.  56.  51.  17.
   1.   2.]
[108.  15.   0.   0.  13.   9.   1.   4. 125.  34.   0.   0.   0.   0.
   0.   6.  75.  42.   1.   0.   0.   0.   0.   2.   5.   8.   2.  10.
   3.   0.   0.   0.  87.   4.   0.   0.   4.  16.  45.  76. 125.  72.
   7.   0.   0.   7.  26.  55.  93. 119.   6.   0.   0.   1.   3.  12.
  24.  12.   1.  12.  34.   3.   0.   1. 125.  21.   2.   0.   0.   0.
  45. 116.  11.   7.  13.   0.   0.  31. 118.  74.  70.  11.  23.   2.
   0.   6.  35.  82.  19.   7.  32.   2.  16.   9.   0.   5. 123. 125.
 104.   4.   0.   0.   1.   9.   9.  56. 125.   3.   0.   3.  12.   8.
   3.  20. 125.  11.   0.   1.   7.  11.   2.  25. 125.   6.   0.   0.
   1.   4.]
[ 54.   9.   0.   0.   0.   0.   1.  55.  35.   0.   0.   0.   0.   0.
   1. 132.  35.   0.   0.   0.   0.   0.   0. 142.  14.   0.   0.   0.
   0.   0.   0.  69.  61.  24.  33.  32.   1.   0.   0.  64. 142.  77.
  22.   5.   0.   0.   0.  81.  76.   3.   0.   0.   0.   0.   0. 120.
   5.   0.   1.   3.   2.   0.   0.  15.  37.  20.  38. 142.  23.   0.
   0.  74. 142.  72.  24.  11.   0.   0.   0. 142.  96.   6.   1.   0.
   0.   0.   2.  38.   1.   2.   3.  12.   5.   0.   1.   1.  62.   0.
   1.  45.  14.   0.   1. 142.  78.   0.   0.   1.   0.   0.   0. 142.
  12.   0.   3.  10.   1.   1.   2.  24.   0.   0.   5.  83.  19.   0.
   1.   0.]
[  0.   7.  61.  32.  26.  47.   2.   0.   6.  58. 120.  14.  19.  37.
   1.   0.  58. 111.  85.   1.   1.   1.   0.   3.  14.  15.  12.  22.
   5.   0.   0.   1.  12.  62. 120.   8.  15.  47.   3.   4.  42.  22.
  36.  26. 120. 101.  15.  10. 120.  52.  10.   3.  15.   9.   7.  26.
  45.   7.   7.  63.  81.   0.   0.   3.  90.  36.  35.   2.   1.  20.
  55. 112.  29.   5.   4.   7.  35. 102. 120.  56. 120.   7.   0.   3.
  17.  28.  58.  96.  28.   2.   0.  38. 120.   3.   0.  12.  18.   1.
   1.   2.   1.  20.  65.  63.  13.   1.   1.  11.  49.  13.  11.  24.
  46.   0.   0.   3.  32.   8.   5.  35.   9.   0.   0.   3. 102.  21.
   1.  10.]
[ 23.   4.   6.   1.   0.   7.  14.  34.  12.   0.   0.   0.   0.   0.
  27.  72.   0.   0.   0.   0.   0.   1.  77. 117.   0.   0.   0.   0.
   0.   0.  53. 101.  13.   0.   0.   0.   0. 120.  83.  36.  93.   2.
   0.   0.   0.   9.  61. 120.  16.   1.   0.   0.   0.  49. 120. 120.
   1.   0.   0.   0.   0.   8. 105. 120.   4.   0.   0.   0.   0. 120.
 111.   9. 120.  18.   0.   0.   0.  55.  79.  70.  93.  26.   0.   0.
   0.  37.  53.  37.   7.   2.   7.   3.   0.   5.  34.  96.   0.   0.
   0.   0.   0.  82.  54.   0.  23.   6.   0.   0.   0.  92.  44.   9.
  86.  40.   1.   3.   1.   8.  11.  12.   9.  11.  34.  42.  22.   6.
   3.   7.]
[ 60.   2.   0.   0.   0.   1.   1.   6. 125.   0.   0.   0.   0.   0.
   1.  58. 125.   7.   0.   0.   0.   0.   3.  56.  69.  12.   1.   8.
   3.   0.   0.   5.  84.  20.   0.   0.   0.   0.   0.  11. 125.  46.
   3.   0.   0.   0.   9. 106.  76.  37.  16.   0.   0.   0.  35. 109.
  48.  20.  15.  10.  19.   4.   2.  15.  55.  44.   1.   0.   0.   0.
  20.  44. 125. 125.  19.   0.   0.   0.  28.  70.  34. 125.  79.   0.
   0.   0.  17.  50.   9.  61.  67.   1.   2.   2.   8.  16.  10.   1.
   0.   0.   0.   0.  97. 125.  11.   5.   0.   0.   0.   0.  99. 125.
   9.   7.   1.   0.   0.   0.  66. 119.   4.   6.   2.   0.   0.   0.
  52.  60.]
[  0.   2.  36.  12.   1.  18. 139.   0.   9.  11.  29.   1.   2.   7.
 139.  17.   2.   1.   8.  11.  18.  31. 139.  17.   0.   0.   0.  13.
  21.  81. 117.   0.  18.  18.  86.  61.  21.   4.  19.   2. 139.  53.
  32.   2.  14.   4.  30.  10.  25.   2.   0.  39. 138.  19.  23.   4.
   0.   0.   0.  55.  84.  12.   4.   0.  40.  10.   3.  13.  53.   1.
   0.   2. 139.  16.   1.   7.  21.   1.   0.   3.  28.   2.   1.  62.
 139.   9.   0.   1.   0.   0.   0.  55.  83.   4.   0.   0.  20.  15.
   6.  12.  43.   8.   0.   0. 139.  73.  14.  11.  12.   0.   0.   1.
  11.  10.  12.  60. 103.   9.   0.   0.   0.   0.   1.  48.  67.   5.
   0.   0.]
[ 24.   0.   0.   0.   3.   4.  11.  11. 133.   0.   0.   0.   1.   2.
   7.  51.  39.   0.   0.   0.   3.  18.  93.  70.  18.  12.   3.   1.
   7.  24.  30.  35.  32.   9.   5.  16.   5.   2.   4.   3. 133.  33.
   9.   2.   1.   0.   2.  50.  78.  41.  41.   0.   0.   7.  38.  59.
   2.  11.  18.   0.   4.  51.  46.  16.  30.  12.   8.  27.   3.   3.
   9.   7. 133.  96.  77.  14.   3.   4.   8.  15.  35. 133. 133.  10.
   2.   3.  10.  18.   7. 104. 116.   0.   0.   2.   7.   6.   5.   0.
   0.   2.   2.   6. 133.  42.  14.   5.   7.   5.   3.  10. 133.  82.
  18.  25.  13.   5.   2.   6. 133. 109.   8.  24.  15.   2.   1.   7.
  82.  23.]
[ 66.   0.   0.   0.   0.   0.   0.  15. 112.   9.   0.   0.   0.   0.
   0.  16. 137.   6.   0.   0.   0.   0.   0.  41. 146.   0.   0.   0.
   0.   0.   0.  56.  72.   3.   1.   0.   0.   0.   0.  12.  70.  71.
  18.   6.   1.   0.   0.   2. 146.  78.   4.   0.   0.   0.   0.  23.
 146.   1.   0.   0.   0.   0.   0.  70.  57.   1.   0.   2.   3.   0.
   0.   7.  72.  12.   6.  14.  16.   0.   0.  12. 146.  68.   1.   0.
   0.   0.   0.  25. 146.  54.   0.   1.   0.   0.   0.  30.  37.   1.
   0.   3.   4.   0.   0.   3.  69.   4.   0.   7.  12.   0.   0.  21.
 146.  41.   0.   0.   0.   0.   1. 104. 146.  47.   0.   0.   1.   1.
   0.  70.]
[  3.   1.  10.   4.   0.   0.   2.  11.  15.  18.  23.   1.   0.   0.
   1.  16.  22.  14.   3.   0.   0.   0.   9.  58.   2.   0.   0.   0.
   0.   0.  27.  55.   0.   1. 103.  59.   0.   0.   1.   2.  24.  60.
 128.  21.   0.   0.   6.  12. 128.  89.  20.   0.   0.   0.   8.  51.
  24.   0.   0.   0.   0.   2.  47.  36.   0.   0.  43.  28.   0.   1.
  88.  88.  24.  11.  26.  28.   7.   3. 128. 128. 128.  39.   9.   6.
   1.   0.  24. 103.  53.   2.   0.   0.   0.   2.  39.  34.   0.   0.
  19.  26.   4.   1. 113. 106.   5.   5.  12.  70.  31.  14. 128.  89.
  96.  25.  10.  10.   3.   1. 100. 128.  23.   1.   0.   0.   0.   0.
  42.  65.]
[  0.   0.   0.   0.  94.   7.   0.   0.  36.  20.   3.  12. 144.   9.
   0.   0. 144.  53.   2.   5.  29.   3.   0.   0.  17.   8.  30.  53.
 138.  29.   0.   0.   0.   0.   1.   3.  92.  13.   0.   0.  45.   6.
   0.   1. 144.  75.   5.   7. 144.  21.   0.   0.  31.  16.   6.  28.
  33.   1.   1.   4. 144. 120.   3.   3.   0.   0.   1.   1.  27.  20.
   0.   0.   8.   0.   0.   0.  90. 144.  72.  25. 102.   1.   0.   0.
   6.  28.  78. 138.  16.   0.   0.   0.  50.  89.  30.  12.   0.   0.
   5.   1.   1.   2.   0.   0.   0.   0.   5.   1.   2.  22.  22.   3.
   1.   0.   8.   1.   0.   5.  31.  15.   1.   0.   9.   2.   0.   5.
  11.   3.]
[  7.  45.  26.   2.   1.   0.   1.   0.   1.  10.  29.  14.   1.   1.
   3.   0.   2.  20.  28.   3.   0.   2.   8.   0.   2.   3.   0.   0.
   0.   4.  16.   0. 142.  82.  14.  14.  13.   0.   0.   9.  15.  26.
  79. 142.  83.   0.   0.   1. 116. 142.  81.  27.   6.   0.   0.   1.
  31.  15.   0.   0.   0.   0.   1.   1. 142.  26.   1.  20.  48.   0.
   5.  35.  48.   7.   6. 106. 142.   1.   0.  11. 142.  29.   6.  11.
  21.   0.   0.  57.  58.   2.   0.   0.   0.   0.   2.  12.  59.   0.
   0.   9.  72.   6.   9.  54.  48.   0.   0.  25. 142.  20.   2.  31.
 142.   0.   0.   1.   5.   2.   1.  88.  29.   0.   0.   0.   0.   0.
   1.  10.]
[  5.   4.   0.   1. 105. 119.   1.   1.   2.   6.   5.   3.  49.  68.
  27.  15.   8.  13.   5.   0.   0.   0.  72.  88.   1.   1.   2.   1.
   1.   2. 124.  53.  16.  13.   1.   1.  74. 112.   3.   8.  15.  16.
   6.   8.  85. 124.  26.  18. 124.  54.   5.   3.   4.   5.  66. 124.
  39.   2.   0.   0.   6.  31. 124.  53.  29.  15.   3.   1.  17.  61.
   9.  11.  12.   6.   2.   2.  93. 124.  25.  17. 124.  17.   1.   1.
   8.  35.  26.  85.  89.   4.   0.  13.  23.  15.   3.  10.  10.  10.
   3.   2.  21.  30.   8.   4.   7.   8.   3.   4.  75.  53.   4.   4.
 124.   6.   0.   0.  19.  21.   5.  26.  66.   8.   0.   3.  15.  19.
   3.   4.]
[ 49.   5.   1.   5.   1.   0.  17.  42.  11.   1.   5. 135.  33.   0.
   3.  16.  33.   6.  14. 124.  26.   0.   0.  16.  41.   4.   1.   5.
   3.   2.   5.  43.  33. 102.  77.  42.  10.   0.   0.   3.   8.  16.
  54. 138.  98.   3.   1.   2. 138.  52.  44.  66.   8.   2.   1.  30.
  72.   7.   3.  14.  19.  10.   3.  31.   0. 105. 138.  21.   7.   3.
   0.   0.  27.  42. 128.  89.  69.  10.   5.  13. 138.  30.   6.   8.
   9.   5.   5.  47.  76.  17.   8.  30.  20.   5.   1.   7.   0.   4.
  21.   6.  18.  16.   1.   0.  77.  30.  27.   2.   6.   7.   3.  26.
 138.  12.   2.   4.   6.   1.   1.  75.  39.  15.  11.  28.  23.   7.
   3.  13.]
[ 15. 127.  24.   0.   0.   0.   0.   0.  41. 115.  40.  12.   0.   0.
   0.   0.  17.  19.  52.  60.   1.   1.   0.   1.  70.  11.   7.   5.
   0.   0.   0.   9.   6. 127.  34.   0.   0.   0.   0.   0.  26. 127.
 127.  13.   0.   0.   0.   0. 127.  57.  77.  19.   0.   0.   0.   5.
 127.   4.   1.   3.   1.   0.   0.  15.   0.  18.  33.   7.   8.   8.
   0.   0. 118.  63.  56.   2.   1.   0.   0.   7. 127.  25.   5.   0.
   0.   0.   0.  19. 127.   7.   2.  39.  13.   0.   0.   3.   1.   1.
   3.   3.  17.  45.   3.   2. 127.   9.   4.   1.   3.  11.   6.  68.
 127.   8.   0.   2.   1.   0.   2.  76.  63.   5.   3. 127.  47.   0.
   0.  11.]
[  9.   1.   6. 139.  36.   0.   2.  10.  49.   6.  13. 112.  27.   0.
   0.  28.  54.   8.   2.   5.   3.   3.   8.  57.  71.  19.   1.   0.
   0.   0.   1.  17.  15.  19.  50. 143.  83.   3.   1.   3. 143.  53.
  38.  48.   6.   2.   1.  43.  75.  13.   6.  21.  29.  16.   4.  39.
 102.  18.   2.   2.   1.   1.   1.  30.  44.  35.  88.  76.  66.  11.
   6.  19. 143.  35.   6.   9.   7.   4.   4.  46.  84.  27.  13.  45.
  30.   9.   2.  13. 122.  24.   2.   1.   0.   1.   0.  28.  96.  30.
  22.   2.   3.   5.   2.  30. 143.  11.   2.   9.  12.   2.   1.  80.
  58.  31.  17.  38.  29.  10.   4.  17. 109.  37.   2.   0.   0.   0.
   1.  18.]
[ 18.  14.  72. 110.  55.   1.   0.   2. 148.  62.   7.  12.   8.   0.
   0.   5.  70.  33.   8.  18.   7.   0.   0.   1.  93.  26.   1.   1.
   0.   0.   0.   0.  53.  27.  64.  19.   8.   5.   1.   6. 148.  38.
   4.   3.   3.   1.   0.  25.  86.  32.  11.  25.  25.   5.   0.   9.
 139.  52.   2.   1.   1.   0.   0.   1.  67.  27.  26.   5.   4.   4.
   1.   7. 148.  53.   1.   5.   7.   0.   0.  11.  84.  32.  10.  41.
  53.   3.   0.   2. 148.  37.   3.   2.   1.   0.   0.   1.  54.  39.
  26.   8.   1.   0.   0.   0. 148.  65.   2.   4.   6.   0.   0.   0.
  60.  34.  10.  47.  62.   4.   0.   2. 148.  65.   5.   5.   3.   0.
   0.   8.]
[ 12.  10.  43.   9.  12.   6.   1.   4. 150.  19.  11.   3.   2.   1.
   0.  37.  99.  18.   8.  20.  16.   2.   0.  16. 105.  24.   2.   2.
   1.   0.   0.   4.  28.  26.  51.   8.   3.   1.   0.   3. 150.  39.
   5.   5.   5.   0.   0.  15. 124.  25.  10.  43.  45.   1.   0.   6.
 150.  21.   2.   2.   1.   0.   0.   8.  60.  13.  13.  16.   4.  10.
   2.   5. 150.  21.   2.   7.  12.   2.   0.  20. 115.  34.  11.  56.
  73.  12.   3.  30. 150.  34.   3.   6.   5.   0.   1.  40.  40.   0.
   0.   1.   2.  38.  20.  23. 150.   0.   0.   0.  10.   6.   7.  62.
  69.   0.   0.   1.  42.  28.  25. 114.  68.   0.   0.  24.  26.   0.
   1.  85.]
[ 53.   0.   0.   0.   0.   0.   1.  40.  35.   3.   0.   0.   0.   0.
   8.  73. 112.   2.   0.   0.   7.   0.   1.  81.  19.   0.   0.  14.
 136.   2.   1.  11.  71.   0.   0.   0.   0.   0.   2.  54.  73.  12.
   0.   0.   0.   0.   9.  49. 136.  20.   1.   4.  16.   1.   1.  41.
  14.   2.   1.  24. 136.  13.   4.   3.  51.  69.  40.   0.   0.   0.
   4.  44.  25.  45.  92.   0.   0.   0.  29.  65.  65.  29. 136.   5.
  10.   1.   4.  49.   6.   9. 114.  13.  61.  39.  24.   2.   8.  90.
 114.   0.   0.   0.   0.   3.   7.  62. 136.   5.   1.   3.   7.  11.
   1.  16. 136.  13.   1.   7.  33.   1.   0.  24. 136.   3.   0.   3.
  30.   0.]
[ 76.  44.  18.   3.   0.   0.   0.   0. 144.  43.   1.   7.  10.   0.
   0.   0.  49.  30.   9.  38.  45.   1.   0.   1. 137.  46.   3.   2.
   0.   0.   0.   1. 141.  15.   3.   5.   2.   4.   2.   5. 144.  15.
   1.   5.  18.   6.   0.   6.  64.  17.   6.  31.  86.  31.   6.  41.
 144.  24.   2.   2.   2.   1.   1.  78. 101.   1.   0.   0.   1.  18.
  24.  38. 144.   1.   0.   0.   9.   8.   5.  37.  62.   0.   0.   0.
  33.  37.  36. 111.  88.   0.   0.   5.   7.   1.   2. 108.  63.   0.
   0.   0.   2.   7.   7.  23. 144.   0.   0.   0.   0.   1.   7.  64.
  42.   0.   0.   0.   0.   3.  48.  95.  14.   0.   0.  17.  27.   0.
   4.  35.]
[ 15.  14.  26.  57.  59.   7.   5.   3. 103.  63.  29.   9.   5.   4.
  16.  35. 120.   7.   0.   0.   0.   0.   0.  30.   6.   3.   1.   0.
   1.   1.   0.   1.  19.   9.  11.  35. 134.  19.   9.  15. 134.  60.
  13.   6.  10.   7.   9. 103. 110.  15.   1.   1.   0.   0.   0.  34.
   7.   7.   2.   3.   1.   0.   0.   1.  11.  16.  24. 134.  80.   6.
   1.   3. 134. 134.  35.  33.   5.   1.   1.  31. 122.  22.   1.   1.
   0.   0.   2.  25.   6.   0.   0.  18.  15.   0.   0.   6.  21.   2.
   2.  38. 134.  31.   7.  48. 134.  11.   3.  10.  12.   2.   4. 134.
  72.   1.   0.   2.   1.   0.   0.  41.   0.   0.   0.  70.  62.   0.
   0.   1.]
[ 17.  16.  20.  59.   1.   0.   0.   1.   8.  35.  28.  84.   7.   0.
   0.   0.  41.   6.  12.  86.  15.   0.   6.  65.  72.   2.   1.   1.
   0.   1.  13. 101.   3.  10.  40.  77.   3.   0.   0.   0.  42.  22.
  65. 139.  13.   0.   0.   3. 139.  29.  22.  37.   1.   5.  11.  91.
  79.   4.   0.   0.   1.  14.  25.  87.   0.   0.  12.  83.  31.   1.
   0.   0.  67.   3.   9.  93.  53.   4.   7.  59. 139.  80.   3.   4.
   1.   2.   2.  49. 118.  48.   1.   2.   1.   3.   1.  23.  21.   3.
  24. 101.  11.   0.   0.   8.  68.   4.   5.  18.   4.   0.   1.  97.
 139.  25.   0.   0.   0.   0.   0.  61. 133.  32.   4.   3.   0.   0.
   0.  11.]
[ 31.   4.   4.   4.   3.   3.   1.   2. 183.  27.   1.   5.   5.   1.
   0.   4.  87.  15.   0.  28. 124.  10.   1.   2.   0.   0.   0.   6.
  60.  11.   0.   0.  42.   4.   6.   7.  11.   8.   1.   2. 183.  17.
   2.   3.   5.   3.   3.  47.  99.   7.   1.  20. 152.  33.   7.  23.
   0.   0.   0.  21.  82.   4.   0.   0.  44.   3.   1.   3.  21.  11.
   0.   2. 183.  78.   8.   8.   5.   2.   0.  10.  73.  39.  16. 100.
 108.   2.   1.   3.   2.   0.   0.  36.  51.   0.   0.   0.  29.   2.
   1.   4.  15.   1.   0.   3. 183.  39.   3.   5.   3.   0.   0.   7.
  42.  24.   8.  54.  30.   0.   0.   0.   3.   0.   0.  15.  19.   1.
   0.   2.]
[ 29.   0.   0.   0.   0.  12.  53.  42. 152.   0.   0.   0.   0.  12.
  23. 108.  11.   0.   0.   0.   0.  54.  78.  21.   0.   0.   0.   0.
   0.  47.  64.   2.  48.   4.   0.   1.  30.  16.  16.  36. 152.  23.
   1.   1.  16.  12.  15.  37.  46.   5.  19.   1.   0.  37. 127.  24.
   0.   1.  19.   2.   1.  53. 128.   6.  62.   4.   0.   2.  70.   5.
   1.   9. 152.  21.   6.   8.  43.   2.   1.  10.  62.  14. 139.  55.
  33.   1.  15.   5.   0.   3. 152.  12.   1.   6.  18.   1.  49.   1.
   0.   0.  51.   7.   1.   9. 152.   0.   0.   1.  43.  10.   1.  23.
  39.   1.  15.  20.  99.  56.  13.   5.   0.   3.  38.   8.   4.  12.
  35.   1.]
[ 27.   4.   0.   2.  74.  10.   1.   5. 160.  35.   1.   2.  20.   2.
   2.   4.  55.  12.  43.  16.   2.  10.  37.  10.   1.   4.  75.   5.
   1.  10.  40.   6.  36.   3.   0.   1. 110.   5.   0.   2. 160.   8.
   1.   2.  38.   3.   0.   5.  70.   6.  53.  51. 100.   6.   0.   2.
   0.   6. 143.  19.  11.   0.   0.   0.  33.   0.   0.   0.  99.  12.
   0.   6. 160.   3.   0.   0.  37.   5.   0.  11.  70.   2.   2.   6.
 153.  56.   2.   4.   1.   8.  14.   6.  31.  27.  21.   3.  26.   0.
   0.   0.  74.  13.   1.   4. 160.   0.   0.   0.  23.   6.   2.  18.
  67.   0.   0.   0.  29.  98.  13.  12.   0.   0.   0.   0.   7.  50.
  95.   8.]
[ 54.   1.   0.   0.   0.   0.   3.  38. 153.   2.   0.   0.   0.   4.
  19. 114.   9.   0.   0.   0.   6.  54.  67.  29.   0.   0.   0.   0.
   1.  21.  62.   2.  80.   4.   0.   0.   0.  36.  16.   6. 169.   8.
   0.   0.   2.  11.   8.  50.  42.   0.   0.   0.  51.  96.  17.  26.
   3.   0.   0.   0.   8.  20.  25.  15.  47.   8.   2.  10.  34.  72.
  21.   8. 169.  28.   2.   4.  12.  11.   2.  16.  89.   1.   0.   0.
 105.  77.   7.  11.   4.   0.   0.   0.  15.  23.  27.  34.  35.  13.
   4.  22. 138.  15.   2.   6. 169.  77.   4.   9.  26.   4.   1.   4.
 105.  17.   1.   0.  17.  76.  38.   7.   0.   1.   3.   0.   1.  21.
  96.  37.]
[135.  28.   0.   0.  25.   2.   0.   0. 101.  16.   0.   0. 132.  13.
   0.   0. 135.  37.   0.   0.   7.   0.   0.   0.  22.   5.   0.   0.
   0.   0.   0.   0. 135.  29.   0.   0.  29.   4.   0.   0. 123.  13.
   0.   0. 135.  41.   8.  12. 135.  30.   0.   0.  12.   5.   5.  37.
  37.   7.   0.   0.   0.   0.   0.   3. 135.   8.   0.   0.  19.   9.
  16.  75. 103.   2.   0.   0.  25.  49.  93.  91.  79.   1.   0.   0.
   2.   6.  54. 135.  17.   0.   0.   0.   0.   0.   0.  11.  28.   0.
   0.   0.   5.   9.  80. 129.  74.   2.   0.   0.   2.   2.  19.  52.
   9.   0.   0.   0.   0.   0.  11.  20.   1.   0.   0.   0.   0.   0.
   0.   4.]
[132.   1.   0.   1.  17.   0.   0.  29. 122.   4.   4.   3.   0.   1.
   4.  56. 136.  10.   2.   1.   0.   1.   2.  11.  26.   1.   0.   0.
  11.   4.   0.   0. 136.   1.   0.   1.  18.   0.   0.  37. 124.  29.
  26.  51.  31.   0.   0.  21. 136.  93.  16.  11.   4.   0.   0.   4.
  41.   5.   0.   0.   1.   4.   1.   1. 136.   0.   0.   1.  17.   1.
   0.  25. 117.   5.   2.  20. 135.   0.   0.  14. 136.  16.   2.   4.
  17.   0.   0.  31.  49.   1.   1.   1.   0.   0.   0.   6. 136.   0.
   0.   1.  13.   0.   0.   9.  99.   0.   0.   6. 111.   0.   0.  10.
 136.   0.   0.   0.  10.   0.   0.  30.  28.   0.   2.   5.   6.   1.
   0.   3.]
[ 80.   2.   0.   0.   0.   0.   3.  14. 121.   4.   0.   0.   0.   0.
   0.  12. 153.   3.   0.   0.   0.   0.   0.  33.  34.   0.   0.   2.
  28.  10.   0.   9.  67.  50.  12.   0.   0.   0.   2.  11. 153.   6.
   0.   0.   0.   0.   0.  28. 153.   4.   0.   0.   0.   0.   0.  18.
  39.   0.   0.   1.  21.  14.   0.   3. 153. 117.  20.   0.   0.   0.
   0.  12. 153.  16.   0.   0.   0.   1.   1.  44. 153.  30.   0.   0.
   0.   0.   0.   5.  46.   4.   0.   0.  11.   6.   0.   1. 153.   8.
   0.   0.   0.   0.   0.  35. 105.   7.   0.   0.   5.  19.   8.  51.
 153.  38.   0.   0.   1.   4.   1.   7.  48.  10.   0.   0.   6.   2.
   0.   0.]
[ 90.  20.   0.   0.   2.   1.   0.   1. 146.  36.   0.   0.   0.   0.
   0.   1. 156.  33.   0.   1.   1.   1.   0.   2.  27.   3.   0.  13.
  59.  12.   1.   1.  94.  16.   0.   0.   6.  12.   6.  11. 156.  24.
   0.   0.   0.   0.   0.   3. 156.  29.   0.   1.   1.   1.   0.   8.
  43.   4.   0.   8.  74.  25.   0.   3.  44.  30.  20.   7.   7.   7.
   9.  19. 156.  19.   1.   0.   0.   0.   0.  14. 156.   6.   0.   0.
   1.   1.   0.  17.  49.   1.   0.   0.  47.  30.   0.   5.  47.  99.
  66.  24.  20.   0.   0.   0. 156.  65.   4.   0.   0.   0.   0.  17.
 156.  29.   0.   0.   0.   0.   0.   7.  48.   7.   0.   0.  20.  14.
   0.   0.]
[ 86.   2.   0.   0.   2.   1.   0.  15. 157.   2.   0.   0.   0.   0.
   0.  21. 157.   1.   0.   0.   0.   1.   5.  51.  24.   0.   0.   0.
  27.  42.  20.  20. 118.  12.   0.   0.   4.   2.   0.   4. 157.  23.
   0.   0.   0.   0.   0.   7. 157.  12.   0.   0.   0.   1.   0.  15.
  52.   0.   0.  10.  57.  21.   2.   8. 103.   9.   0.   0.  10.  12.
   5.  12. 157.   8.   0.   0.   0.   0.   0.   5. 157.   6.   0.   1.
   1.   0.   0.  13.  51.   2.   0.  22.  77.  11.   0.   4.  41.  21.
  10.   4.   4.   6.   8.  21. 153.   6.   0.   0.   0.   0.   0.  26.
 157.   0.   0.   0.   1.   1.   0.  46.  29.   0.   0.   0.  59.  19.
   0.   8.]
[ 44.   1.   0.   0.   0.   2.   2.   5. 159.   3.   0.   0.   0.   0.
   6.  71.  15.   0.   0.   1.  16.  41.  32.  49.   0.   0.   0.   2.
  47.  28.   1.   0.  71.   3.   0.   0.   0.   1.   1.   9. 159.   9.
   1.   3.  10.   8.  16. 158.  27.   2.   1.  34. 159.  46.  31.  57.
   0.   0.   0.  31.  82.  11.   0.   0.  75.   6.   1.   1.   0.   3.
   2.   4. 159.  63.   7.  19.  21.   1.   1.  12.  40.  14.   7.  90.
 159.   4.   1.   4.   0.   0.   0.   9.  66.  13.   0.   0.  46.   8.
   4.   2.   0.   0.   0.   0. 159.  43.   3.   7.  18.   0.   0.   0.
  29.   8.   2.  19. 124.   7.   0.   0.   0.   0.   0.   6.  40.   5.
   0.   0.]
[ 29.   1.   0.   0.  16.  16.  11.  19.  27.   0.   0.   0.  39.  72.
 132. 123.  37.   0.   0.   1.  14.  20. 132. 132.  80.   0.   0.   0.
   1.   4.  42. 102. 101.   2.   0.   0.   0.   0.   1.  22. 132.   7.
   1.   3.   9.   1.  19.  69.  68.   3.   1.  21.  85.  10.  20.  21.
 132.   0.   0.   1.   5.   1.   1.  19. 119.   5.   0.   0.   0.   0.
   0.   1. 132.  58.  11.  12.   4.   0.   0.   1.  78.  18.  14.  53.
  32.   0.   0.   3. 132.   1.   0.   1.   1.   0.   0.  10.  87.   4.
   0.   0.   0.   0.   0.   0.  91.  30.   4.   3.   0.   0.   0.   0.
  83.   9.   5.  13.   1.   0.   0.   7. 117.   0.   0.   0.   0.   0.
   0.  12.]
[  2.   4.   2.   1.  96.  83.   0.   0.  77. 100.   1.   0.  54.  52.
   0.   0. 101. 113.   0.   0.   7.   7.   3.   6. 117.  92.   0.   0.
   0.   0.   1.   7.   4.  11.   1.   0.  56.  58.   0.   0.  57.  46.
   1.   0. 120. 120.   5.  10. 120.  67.   0.   0.   3.  10.  13. 112.
 120.  15.   0.   0.   0.   0.   4. 120.  10.  21.   0.   0.  10.  13.
   0.   0.  20.   5.   0.   0.  46. 120.  57.  62. 120.   8.   0.   0.
   2.  15.  39. 120.  71.  24.   0.   0.   0.   0.   0.  42.   8.  18.
   0.   0.   0.   0.   0.   0.  42.  33.   0.   0.   0.   4.   9.  18.
  49.  61.   8.   1.   0.   0.   4.  39.  25.  51.   7.   1.   0.   0.
   0.   2.]
[  0.   0.   1.  11.  35.   1.   0.   0.   0.   0.  20.  39.  58.  13.
   3.   0.   0.   1.  23.  41.  89.  14.   1.   0.   0.   0.   1.   4.
  48.   2.   0.   0.   0.   0.  50. 139.  27.   0.   0.   0.   5.  10.
 115. 141.  59.   0.   0.   0.  73.  73. 123.  80.  17.   0.   0.   1.
  11.   6.   2.   4.  31.   3.   0.   0.   3.   3.  30. 100. 141.   0.
   0.   0.  38.   8.  29. 102. 141.   0.   0.   3. 141.  21.   8.  14.
  29.   1.   0.  19.  28.   1.   0.   0.  27.   3.   0.   2.   6.   0.
   0.   8. 141.   1.   0.   2.  44.   0.   0.   7. 141.   1.   0.   6.
 141.   0.   0.   1.  22.   1.   1.  25.  17.   0.   0.   0.  13.   9.
   4.   3.]
[  2.   0.   0.   0.   2.  15.  13.  13.  11.   2.   1.   7.  32.  55.
   7.   4. 149.   6.   1.   2.   3.   5.   1.  15. 120.   0.   0.   1.
  24.   5.   1.  13.   8.   0.   0.   1.  17.   2.   1.  21.  21.  16.
  10.  61. 145.   6.   1.   3. 149.  42.   9.  15.  11.   0.   0.  19.
 149.   2.   0.   0.  19.  17.   1.  18.   5.   0.   0.   0.  30.   4.
   1.  20.  48.   2.   1.  10. 149.   9.   0.   7. 149.  46.   0.   3.
  25.   1.   0.  18. 149.  39.   0.   0.   3.  10.   3.   4.   6.   2.
   0.   1.  28.   1.   0.   6.  41.   0.   0.   3. 149.   3.   0.   2.
 149.  12.   0.   0.  18.   0.   0.   9. 149.  12.   3.   4.   2.   0.
   0.   7.]
[ 10.   0.   0.   0.   0.   1.  43.  46. 103.   0.   0.   0.   0.   0.
   5.  75. 119.   0.   0.   0.   0.   3.  31. 125.   2.   0.   0.   0.
   0.  18.  88.  16.  20.   0.   0.   0.   0.  13.  89.  38. 134.   2.
   0.   0.   0.  18.  58.  43. 153.   5.   0.   0.   1.  14.  21.  83.
  13.   0.   0.   0.   7.  64.  54.  19.  80.   0.   0.   0.   0.   6.
  27.  47.  62.  12.   1.   3.  26.  50.  56.  20. 153.  64.   0.   2.
   8.  13.   8.  19.  51.   4.   0.   0.   9.  68.  58.  22.  89.   0.
   0.   0.   0.   2.   2.  40.  24.  11.   0.   4.  93.  36.   5.  14.
 153. 114.   0.   3.  34.   7.   2.   3. 102.  33.  19.  12.   1.   9.
  40.  12.]
[ 42.   0.   0.   1. 152.   3.   0.   3. 152.   0.   0.   0.  72.   1.
   0.  11.  84.   0.   0.   0.  13.   5.   0.   6.   0.   0.   0.   0.
  13.  12.   7.   3.  55.   1.   0.   6. 152.   1.   0.   2. 152.   3.
   0.   1.  84.   1.   0.  32.  94.   1.   0.   0.   9.  12.   2.  17.
  16.   0.   0.   0.  16.  15.   9.  21.  51.   3.   0.  10. 152.   0.
   0.   0. 152.  38.   0.   4.  78.   0.   0.   5. 107.  12.   0.   0.
  16.   4.   0.   3.  29.   7.   1.   7.  25.   2.   0.   3.  36.   1.
   0.  12. 152.   0.   0.   0. 152.  15.   0.   5.  60.   0.   0.   0.
 102.   7.   1.   4.  11.   0.   0.   0.   4.   7.   4.  12.  13.   0.
   0.   0.]
[ 54.   2.   0.   8. 130.   1.   0.   0. 186.  18.   0.   0.   1.   0.
   0.   0.  81.   8.   1.  11.  19.   0.   0.   0.   0.   0.   2.  13.
  12.   0.   0.   0.  61.   3.   0.   9. 144.   1.   0.   0. 186.  15.
   0.   0.   2.   0.   0.   2. 110.   4.   0.   7.  27.   0.   0.   1.
   0.   0.   0.   8.  23.   1.   0.   0.  40.   0.   0.   3.  85.  64.
  48.  23. 186.   5.   0.   0.   1.   2.  14.  65. 101.   5.   1.   9.
  21.   1.   0.   3.   0.   0.   0.  12.  25.   0.   0.   0.   5.   0.
   1.   2.   7.  87.  81.  20. 182.   3.   0.   0.   0.   9.  30.  86.
  58.   4.   0.   6.  20.   1.   0.   4.   0.   0.   0.   9.  19.   0.
   0.   0.]
[  0.   0.   4. 134.  77.   1.   0.   0.  10.  12.  41. 135.  50.   1.
   0.   1.   3.   3.   4.  10.  79.   6.   0.   1.   0.   0.   0.   1.
 114.   4.   0.   0.   1.   1.   1.  67. 135.   0.   0.   0.  92.  11.
  10.  38.  86.   3.   1.  16.  21.   2.   1.   2.  87.  19.   1.   8.
   0.   0.   0.   1. 135.  11.   0.   0.   3.   5.   2.  38. 135.   0.
   0.   0. 131.  18.   3.  14.  90.   1.   0.   3.  26.   5.   2.  10.
  92.   5.   0.   1.   0.   0.   0.  10. 135.   3.   0.   0.   7.   6.
   2.  32. 135.   0.   0.   0. 114.   8.   1.  10.  64.   0.   0.   0.
  19.   4.   0.  14.  59.   0.   0.   0.   0.   0.   0.  13. 120.   0.
   0.   0.]
[  0.   0.   0.   6.  24.  12.  11.   0.   0.   1.  19.  74.  31.   5.
   2.   0.   2.  10.  31.  51.  34.  10.   1.   2.   7.   2.   0.   1.
   8.   3.   4.  20.   0.   0.  10. 111.  37.   4.   0.   0.  11.  24.
  73. 132. 111.  13.   2.   3. 132. 130.  92.  58.   8.   4.   5.  16.
  30.   7.   1.   1.   3.   4.  12.  20.   0.   0.  43. 132.  17.   4.
   8.  19.  15.   5.   8.  82. 125. 132.  65.  31. 132.  37.   4.   8.
  16.  42.  39.  74.  60.  17.   1.   2.  10.   8.   3.   5.   1.   0.
   5.  24.   4.   3.  27. 106.   1.   1.   1.   8. 116.  71.  32.  30.
  67.  67.   3.   4.  41.  41.  11.   8.  27.  86.   3.   0.   1.   4.
   2.   3.]
[  6.  49.  82.   8.   1.  12.  18.   0.  17. 124.  59.  34.  25.   2.
   1.   0.  69.  11.  20.  39.  50.   0.   0.  41.  93.   1.   0.   0.
   0.   0.   0.  63.   3.   9.   8.   3.  18. 118.  71.   1.  16.  69.
 130.  61.  79. 110.  10.   4. 130. 130.  75.  16.   8.   8.   5.  36.
 118.  22.   2.   0.   0.   0.   0.  21.   3.  11.   7.   3.  12.  60.
  10.   0.  11.   8.   7.  11.  67. 130.  67.  24. 130.  27.   4.   2.
   5.  47.  78. 130.  80.  31.   4.   2.   0.   0.   0.  10.   2.   3.
   2.   6.  14.   7.   4.   2.   3.   4.   3.  12.  22.  19.  12.   4.
  45.  32.   7.   1.   2.   5.  15.  32.  21.  19.  30.   4.   0.   0.
   0.   5.]
[ 29.   0.   0.   0.   0.   0.   2.  47.  73.   0.   0.   0.   0.   0.
  30. 110. 123.   1.   0.   0.   0.   0.  31. 130.  43.   0.   0.   0.
   0.  18.  84.  51.  45.   0.   0.   0.   0.   0.   4.  62. 132.   2.
   0.   0.   2.   3.   8.  83. 132.  26.   0.   0.  12.   9.  15.  41.
 132.  27.  28.  12.   1.   5.  52.  29.  72.  10.   0.   0.   0.   0.
   1.  14. 132.  13.   0.   0.   4.   2.   0.  11. 132.  18.   0.   0.
  31.  13.   1.   6. 132.  24.  29.  30.  30.  22.   6.   5.  60.  18.
   0.   0.   0.   0.   0.   0. 132.  15.   0.   0.   1.   1.   1.   2.
 132.   3.   0.   0.  16.  16.   2.  12. 132.   1.   0.   0.   6.  35.
  34.  26.]
[  1.   0.   0.   0.   0.   0.   0.   0.  21.   0.   0.   0.   0.   0.
   2.  54.  31.   0.   0.   0.   0.   0.  40. 141.   3.   0.   0.   0.
   0.  18. 141.  66.   9.   1.   0.   0.   0.   0.   0.   4. 141.   3.
   0.   0.   0.   0.   0.  60. 141.  54.   0.   0.   0.   0.  39. 141.
  55.  46.  11.  12.  15.  55. 141. 100.   5.   0.   0.   0.   0.   0.
   0.   8.  78.   4.   0.   0.   0.   0.   0.  64. 141. 141.  17.   0.
   0.   0.   0.  17.  34. 141. 141.  64.  13.   5.   6.   7.   0.   0.
   0.   0.   0.   0.   0.   0.   2.   0.   0.   0.   0.   0.   0.   1.
   9.  26.  10.   0.   0.   0.   0.   1.   0.  29.  80.  22.   0.   0.
   0.   0.]
