91 128
[ 56.   5.   0.   1.   5.   2.   0.   0. 202.  11.   0.   0.   0.   0.
   0.  14.  85.   0.   0.   0.   0.   0.   6.  40.  21.   0.   0.   0.
   0.   0.   3.  32.  64.   3.   0.   0.   6.   3.   1.   2. 202.   8.
   0.   0.   0.   0.   0.  19. 120.   1.   0.   0.   0.   0.   4.  30.
  35.   0.   0.   0.   0.   0.   0.  26.  58.   2.   0.   0.   1.   1.
   2.   6. 202.  29.   0.   0.   0.   0.   0.   6. 143.   9.   0.   0.
   0.   0.   3.  28.  32.   0.   0.   0.   0.   0.   1.  54.  39.   5.
   0.   0.   0.   0.   0.   1. 202.  32.   0.   0.   0.   0.   0.   2.
 155.   6.   0.   0.   0.   0.   0.  33.  33.   0.   0.   0.   0.   0.
   1.  67.]
[ 62.   1.   0.   0.   0.   0.   0.   2. 193.   2.   0.   0.   0.   0.
   0.   9. 112.   0.   0.   0.   0.   0.   0.  18.  33.   0.   0.   0.
   0.   0.   0.  17.  71.   2.   0.   0.   0.   0.   1.   2. 193.  10.
   0.   0.   0.   0.   0.   6. 145.   1.   0.   0.   0.   0.   0.  32.
  37.   1.   0.   0.   0.   0.   0.  34.  65.   2.   0.   0.   0.   0.
   1.   3. 193.  17.   0.   0.   0.   0.   0.   2. 179.   7.   0.   0.
   0.   0.   0.  10.  44.   1.   0.   0.   0.   0.   0.  16.  49.   4.
   1.   0.   0.   0.   0.   0. 193.   2.   0.   0.   0.   0.   0.   6.
 149.   1.   0.   0.   0.   0.   0.  17.  33.   2.   0.   0.   0.   0.
   0.  18.]
[  4.   0.   0.   0. 157.  70.   0.   1. 157.   0.   0.   0.  56.   6.
   0.   9.  91.   0.   0.   0.   0.   0.   0.   3.   3.   0.   0.   1.
   6.   0.   0.   0.   7.   0.   0.   5. 157.  42.   1.   1. 157.   1.
   0.   3.  85.   4.   0.  13. 104.   1.   0.   0.   0.   0.   0.   7.
   3.   0.   0.   0.   9.   2.   0.   1.  10.   2.   1.  33. 157.   1.
   0.   0. 157.   3.   0.   7.  76.   0.   0.   4. 102.   4.   0.   0.
   0.   0.   0.   3.   5.   0.   0.   1.  12.   1.   0.   1.  11.   1.
   2.  54. 157.   0.   0.   0. 157.   0.   0.   7.  43.   0.   0.   9.
  76.   0.   0.   0.   0.   0.   0.   7.   4.   0.   0.   3.  12.   0.
   0.   1.]
[  9.   4.   3.   5.   2.   0.   0.   0.  36.  76.  24.  13.   2.   0.
   0.   0.  49.  61.   4.   0.   0.   0.   0.   5.   7.   2.   0.   0.
   2.   3.   3.   5.   6.   1.   1.  12.  38.   1.   0.   3.  31.  97.
  53.  73. 129.   1.   0.   0. 172. 172.  19.   6.   7.   0.   0.  10.
  26.   4.   0.   0.   2.   3.   4.  14.   4.   0.   0.   2.  69.   1.
   0.   3.  88.   9.   2.   8. 172.   8.   0.   6. 172.  23.   1.   2.
  25.   4.   5.  63.  29.   0.   0.   0.   2.  13.  10.  19.   3.   0.
   0.   1.  52.   3.   0.   0.  82.   0.   0.   0. 172.  13.   0.   2.
 172.   6.   0.   0.  22.  10.   4.  27.  25.   1.   0.   0.  10.  35.
   9.   7.]
[114.   2.   0.   0.  18.  12.   1.   8. 165.  18.   0.   0.  11.   7.
   0.   2.  86.   5.   0.   0.   2.   1.   2.   3.   0.   0.   0.   1.
  11.   3.   1.   1. 165.   1.   0.   0.  33.  10.   0.   5. 165.   9.
   0.   0.  25.   7.   0.   8. 125.   4.   0.   0.   5.   3.   1.  10.
   0.   0.   0.   1.  15.   5.   0.   0. 165.   6.   0.   0.  34.   7.
   0.   3. 165.  22.   0.   0.  28.   5.   0.   5. 132.  14.   0.   0.
   3.   3.   0.   4.   0.   0.   0.   0.  20.   8.   0.   0. 141.  13.
   0.   2.  31.   1.   0.   0. 165.  12.   0.   2.  27.   1.   0.   2.
 125.   3.   0.   0.   2.   2.   1.   9.   0.   0.   0.   0.  21.   5.
   0.   0.]
[  6.   0.   0.   8. 149.   5.   0.   1. 149.   0.   0.   4.  50.   0.
   0.  25. 113.   2.   0.   6.  17.   1.   0.   8.   0.   0.   0.  10.
  46.   2.   0.   0.  14.   0.   0.  25. 149.   1.   0.   2. 149.   7.
   1.   5.  50.   0.   0.  33. 106.   5.   7.  23.  19.   0.   0.  12.
   0.   0.   6.  29.  56.   0.   0.   0.  18.   4.   0.  73. 149.   0.
   0.   0. 149.  69.   7.  15.  28.   0.   0.   2.  55.  36.  70.  53.
   1.   0.   0.   1.   0.   0.  55.  79.  17.   0.   0.   0.  17.   3.
   0.  38. 149.   0.   0.   0. 149.  35.   5.   8.  17.   0.   0.   0.
  25.  16.  33.  50.   1.   0.   0.   0.   0.   0.  27.  49.   8.   0.
   0.   0.]
[ 32.   0.   0.   0.   0.   0.   0.  20.  54.  18.   5.  14.   4.   0.
   0.  10. 170.  24.   2.   2.   0.   0.   0.  45.  68.   0.   0.   0.
   0.   0.   3.  68.  37.   0.   0.   5.   7.   0.   0.  12.  66.  39.
  10.  73.  62.   0.   0.   3. 170.  76.   5.   9.   3.   0.   0.  33.
 107.   1.   0.   0.   2.   2.   2.  65.  29.   0.   0.  19.  27.   0.
   0.   8. 107.   5.   1.  75. 107.   0.   0.  17. 170.  24.   0.   4.
   3.   0.   0.  39. 122.   6.  10.   9.   1.   1.   0.  19.  13.   0.
   0.  29.  49.   0.   0.   6. 107.   1.   0.  40.  64.   0.   0.  41.
 170.   8.   0.   5.   2.   0.   0.  87.  66.   5.  28.  83.  15.   0.
   0.  13.]
[  4.   2.   2.  63.  27.   0.   0.   3. 133.   3.   1.   7.   3.   0.
   0.   8. 178.   1.   0.   0.   1.   0.   0.  27.  67.   1.   0.  20.
  51.   0.   0.   5.  11.   5.   4.  45.  11.   0.   0.   0. 178.  16.
   1.   0.   0.   0.   0.   2. 178.  11.   1.   4.   1.   0.   0.  11.
  58.   5.   3.  42.  51.   1.   1.   3.  11.   8.   1.   6.   2.   0.
   0.   1. 178.  24.   0.   0.   0.   0.   0.   0. 178.  62.   6.   7.
   0.   0.   0.   1.  35.  16.  10.  34.   6.   0.   0.  12.   7.   1.
   0.   0.   0.   0.   0.   6. 121.   8.   0.   0.   0.   0.   0.  34.
 178.  32.   1.   0.   0.   0.   0.  56.  44.   6.   1.   1.   0.   0.
   0.  29.]
[  0.   0.   0.  27.  50.   0.   0.   0.   2.   0.   0.  30.  69.   0.
   0.   2.  31.   0.   0.   7.  43.  34.  11.  47.   3.   0.   0.   0.
 150. 150.   6.   9.   0.   0.   0.  39.  56.   0.   0.   0.  14.   4.
   2.  58.  76.   0.   0.   1. 150.   9.   2.   9.  29.  14.   2.  24.
  20.   0.   0.   0. 150. 149.   2.   6.   0.   0.   0.  51.  57.   0.
   0.   0.  27.   2.   0.  48.  71.   1.   0.   8. 150.  12.   0.   3.
  14.   5.   0.  15.  33.   5.   0.   0. 150. 101.   0.   1.   0.   0.
   0.  25.  60.   0.   0.   0.  35.   0.   0.  19.  41.   0.   0.   9.
 122.  23.   1.   0.   2.   0.   0.  10.  20.  18.   2.   5. 150.  43.
   0.   0.]
[134.   1.   0.   1.   7.   0.   0.  16. 144.  52.   9.   3.   0.   0.
   0.   8. 129.  64.   2.   0.   0.   0.   0.   3.  27.   1.   0.   0.
   0.   1.   1.   5. 144.   1.   0.   2.   5.   0.   0.  17. 122.  44.
  15.  37.  23.   0.   0.   5. 144.  86.   5.   5.   2.   0.   0.   6.
  49.   2.   0.   0.   1.   1.   2.   6. 144.   0.   0.   2.   7.   0.
   0.  25. 129.   4.   1.  21.  78.   0.   0.  16. 144.   7.   1.   2.
   5.   0.   0.  46.  46.   1.   0.   1.   5.   1.   0.   8. 133.   0.
   0.   2.   9.   0.   0.  17. 114.   0.   0.   9.  65.   0.   0.  19.
 144.   6.   2.   0.   2.   0.   0.  40.  20.  13.   7.   2.   5.   0.
   0.   2.]
[  9.   1.   1.   1.  33.  16.   3.   4.  24.  32.   6.  15.  68.  20.
   0.   0. 154.  79.   3.   3.   1.   0.   0.   2.  37.   5.   0.   0.
   0.   1.   1.  11.   4.   0.   0.   1.  51.  28.  20.  20.  44.  26.
   6.  49. 165.  18.   1.   1. 165.  56.   3.  11.   9.   0.   0.  14.
  65.   1.   0.   0.   0.   1.   3.  20.  16.   1.   0.   0.  76.  28.
   5.  15.  63.   3.   0.   5. 165.  72.   0.   6. 165.  22.   0.   1.
  18.   7.   0.  13.  80.   3.   0.   0.   0.   2.   3.   7.  11.  19.
   9.   0.  28.  18.   4.   6.  26.   9.   1.   5. 165.  67.   1.   1.
 165.  51.   0.   3.  35.   5.   0.   2.  84.   5.   0.   0.   1.   3.
   1.   8.]
[  0.  63. 152.  12.   1.   0.   0.   0.  41. 152. 152.   4.   0.   0.
   0.   0.  38.  98.  25.   0.   0.   0.   0.   0.   0.  29.  21.   0.
   0.   0.   0.   0.   9.  21. 111.  60.   3.   0.   0.   1. 152.  78.
  48.  24.   1.   0.   0.  24. 152.  56.   6.   0.   0.   0.   0.   9.
   0.  33.  17.   0.   0.   0.   0.   0.  31.  15.  31.   8.   0.   0.
   1.   6. 152.  43.   3.   3.   0.   0.   0.  20. 138.  81.  12.   0.
   0.   0.   0.   2.   0.  34.  22.   0.   0.   0.   0.   0.  21.   7.
   1.   0.   0.  10.  33.  17. 152.  30.   0.   0.   0.   0.   4.  45.
  85.  78.   4.   0.   0.   0.   0.   2.   1.  42.  12.   0.   0.   0.
   0.   0.]
[162.  19.   0.   0.   0.   0.   0.   0. 162.  27.   0.   2.  29.   1.
   0.   0.  38.   6.   0.   3. 123.   5.   1.   1.  30.  14.   6.   0.
   2.   0.   1.   3. 162.  23.   0.   0.   0.   0.   0.   0. 162.  19.
   0.   1.  22.   5.   0.   3.  32.   2.   0.   2. 104.  37.   5.   7.
  19.  11.   0.   0.   1.   3.   5.   7. 162.  23.   0.   0.   0.   0.
   0.   0. 162.  16.   0.   1.  14.   3.   0.   2.  34.   4.   1.   5.
  93.  27.   2.   4.  13.   2.   0.   1.   3.   6.  12.  11. 162.  13.
   0.   0.   0.   0.   0.   0. 162.  13.   0.   0.   4.   4.   1.   2.
  35.   2.   0.   3.  56.  38.   2.   4.  11.   6.   5.   1.   7.   5.
   3.   6.]
[  0.  11.  96.   8.   7.  33.  11.   0.  15.  19. 152.  55.  18.  11.
   0.   0. 161. 120.  50.  10.   1.   0.   0.  10.  72.  32.   5.   0.
   0.   0.   0.   2.   0.  26. 142.  28.  14.  33.   7.   0.  71.  10.
  45.  88.  60.  19.   2.   5. 161.  22.   3.   6.   3.   0.   0.  29.
  94.  23.   3.   0.   0.   0.   0.   4.   1.   8.  40.   7.   1.   6.
   7.   0.  67.   8.  17.  24.   3.  12.  28.  25. 161.  89.   0.   1.
   0.   0.   2.  19.  75.  63.   9.   0.   0.   0.   0.   0.   0.  11.
  17.   0.   0.   1.   3.   0.  27.  29.  11.   0.   0.   0.   3.   2.
 161.  85.   0.   0.   0.   0.   0.   1.  68.  65.   9.   0.   0.   0.
   0.   0.]
[ 84.  11.   8.   5.   0.   0.   0.   8. 120.  11.   1.  47.  57.   0.
   0.  13. 139.  11.   1.  21.  21.   0.   0.  12.  38.   1.   0.   4.
   9.   0.   1.   5. 108.  37.  18.  11.   0.   0.   0.   4. 120.  35.
  26. 109.  40.   0.   0.   8. 139.  27.   2.  16.  11.   0.   0.  15.
  40.  12.   0.   1.   2.   2.   3.   3.  34.  12.  10.   6.   1.  11.
  92.  22.  61.  11.  27.  47.   2.   8.  37. 139. 139.   9.   1.   2.
   0.   0.   0. 139.  29.   8.   0.   0.   0.   0.   1.  18.   0.   0.
   0.   0.   0.  19. 139.   8.  11.   0.   0.   0.   0.  10. 139. 139.
  25.   0.   0.   0.   0.   0.   3.  98.   9.   6.   2.   0.   0.   0.
   0.   6.]
[  0. 125.  78.   0.   0.   0.   0.   0.   0. 118.  78.   0.   0.   0.
   0.   0.   0.  90.  33.   0.   0.   0.   0.   0.   0.  40.  18.   0.
   0.   0.   0.   0.   0. 113. 118.   1.   0.   0.   0.   0.  13. 139.
 139.   7.   0.   0.   0.   0. 100. 139.  68.   0.   0.   0.   0.   2.
  18.  67.  13.   0.   0.   0.   0.   0.   1.  54.  75.   1.   0.   0.
   0.   0. 123.  42.  91.  10.   0.   0.   0.  15. 139.  49.   6.   0.
   0.   0.   0.  38.  38.  43.   6.   0.   0.   0.   0.   1.   3.   6.
   5.   0.   0.  18.  19.   2. 139.   6.   3.   0.   0.   1.   5.  32.
 139.  35.   1.   0.   0.   0.   0.  16.  12.  45.   7.   0.   0.   0.
   0.   0.]
[  2.   2.   1.   1.   3.   0.   1.   6.  37.   1.   1.  11.  31.   0.
   0.   6. 162.   1.   0.  10.  49.   0.   0.  65.  43.   1.   1.  42.
 162.   0.   0.   9.   3.   0.   0.   5.  15.   1.   1.  11.  81.  10.
   1.  30.  52.   0.   0.   4. 162.  17.   5.  38.  75.   0.   0.  30.
  25.   6.  10.  90. 162.   0.   0.   2.   4.   1.   0.   5.  28.   1.
   0.   1.  95.  19.   1.  27.  89.   0.   0.   0. 162.  83.  23.  91.
  48.   0.   0.   2.  10.  15.  17. 114.  79.   0.   0.   0.   3.   0.
   0.   4.  33.   2.   1.   2.  33.  24.   3.  24.  85.   8.   5.   0.
  72.  89.  54.  54.   6.   1.   7.   4.   4.  20.  40.  44.   6.   0.
   5.   3.]
[  0.   0.   0.  12.  90.  13.   6.   1.  15.   2.   1.  20.  27.   2.
   0.   4.  76.   2.   0.   4.  73.   3.   0.  35.  22.   0.   0.  13.
 142.   3.   0.   7.   0.   0.   2.  41. 126.   2.   1.   0.  32.  12.
   8.  28.  31.   9.  10.   4. 142.  18.   2.  13. 116.   1.   2.   9.
  38.   1.   0.  32. 142.   0.   0.   3.  32.   9.  39.  57.  25.   4.
  12.  16.  29.   2.   1.   4.  10.  51.  96.  35.  78.   2.   0.  22.
 142.  11.  20.  37.  37.   7.   0.  50. 142.   0.   0.   0. 132.  17.
  15.   3.   0.   0.   1.  13.  61.   0.   0.   1.  33.  22.  15.  20.
  11.   0.   0.  18. 142.   9.   4.  10.  24.   7.   0.  36. 142.   0.
   0.   0.]
[  0.   0.  21.  21.  36.   2.   5.   2.   0.   1.   3.  35. 116.   6.
   5.   1.  61.  16.   2.   9.  28.   4.   9.  10.  21.   3.   0.  13.
 155.   1.   0.   2.   2.   6. 155.  48.   5.   0.   0.   0.  60.  18.
  38.  40.  24.   9.  30.  24.  28.   1.   0.   2.  40.  27.  75.  37.
   8.   3.   1.  31. 155.   3.   2.   6.  19.  26. 100.   9.   0.   0.
   0.   0. 155.  46.  13.   1.   3.   2.   2.  10.  44.   1.   0.   4.
  97.  17.   8.   7.   0.   1.   1.  25. 155.   2.   1.   0.  29.  40.
  74.   1.   0.   0.   0.   0. 155.  57.   5.   0.   4.   0.   0.   0.
  44.   2.   0.  11.  94.   0.   0.   0.   0.   0.   0.  22. 155.   0.
   0.   0.]
[ 41.   4.   0.  28. 138.   0.   0.   1. 106.  24.   1.   3.   1.   0.
   0.   1. 145.  33.   0.   0.   0.   0.   0.   1.  41.   3.   0.   0.
   0.   0.   0.   1.  66.   4.   1.  21. 145.   4.   2.   8.  88.  35.
   5.  11.   9.   3.  20.  28. 145.  55.   0.   0.   0.   0.   4.  51.
  59.   4.   1.   2.   1.   0.   0.   3.  24.   0.   0.   1. 100.  59.
 102. 102.  19.   1.   0.   1.   3.   4. 145. 145.  99.   2.   0.   0.
   0.   0.  65. 145.  22.   1.   0.   3.   3.   1.   0.  12.   8.   0.
   0.   0.   3.  24.  80.  77.   6.   0.   0.   0.   0.   0.  68.  83.
   0.   0.   0.   0.   0.   0.  22.  25.   0.   0.   0.   1.   5.   4.
   1.   3.]
[  0. 109.  98.   0.   0.   0.   0.   0.   0.  69.  83.   0.   0.   0.
   0.   0.   0.  26.  20.   0.   2.   3.   0.   0.   0.   1.   0.   0.
   2.  13.   6.   0.   0.  86. 128.   2.   1.   1.   0.   0.  15. 144.
 144.   4.   1.   1.   0.   0. 110. 144.  62.   0.   0.   0.   0.   1.
  22.  13.   1.   0.   0.   1.   2.   1.   0.  36.  44.   2.   4.  40.
  15.   0.  73.  48.  41.   5.   5.  15.   7.  18. 144.  45.   4.   0.
   0.   0.   1.  33.  52.   4.   0.   0.   0.   0.   0.   5.   0.  10.
  11.   0.   1. 144. 105.   0.  64.  45.  15.   0.   0.  86. 111.  28.
 144.  28.   1.   0.   0.   1.  16.  45.  27.  23.   6.   0.   0.   0.
   0.   1.]
[  0.   0.  77.  94.  12.  20.   2.   0.  43.   6.  62.  65.   9.  23.
   2.   6. 124.   9.  17.   4.   0.   0.   1.  45. 124.   6.   1.   0.
   0.   0.  15.  56.   0.   0.   0.   2.   7.  49.  17.   1.  42.   2.
   0.   0.  24.  95.   9.   7. 124.  35.   4.   0.   1.   4.   3.   9.
 124.  69.  78.  20.   0.   0.   0.   0.   0.   0.   0.   0.   2.  20.
  17.   6.   7.   0.   0.   0.  10.  56.  86.  34.  57.  24.  24.   6.
   3.  36.  95.  25.  10.  30. 124.  59.   6.  33.  37.   0.   0.   0.
   0.   0.   0.   4. 106.  38.   0.   0.   0.   0.   0.   3. 124. 124.
   0.   0.   0.   1.   1.  42. 124.  24.   0.   0.   1.   3.  27. 124.
 124.   0.]
[ 95.   2.   0.   2.   8.   0.   0.   2.  54.   4.   0.  26. 144.   0.
   0.   0. 144.   9.   0.   6.  33.   0.   0.   1.  34.   1.   0.  21.
  69.   0.   0.   0. 113.   0.   0.   2.  15.   1.   0.   3.  61.   8.
   0.  29. 144.  20.   7.  11. 144.  31.   0.  10.  36.   4.   6.  39.
  37.   4.   0.  51.  98.   0.   0.   2. 115.   3.   0.   0.   5.   3.
   1.   3.  37.   5.   0.   1.  68.  71.  90.  65.  92.   5.   2.   4.
  24.  12.  67. 144.  10.   1.   0.  20.  98.  31.   8.   8.  55.  41.
  21.   0.   0.   0.   0.   1.  28.  68.  70.   0.   0.   1.  10.  15.
   6.  27. 131.  12.   6.   1.   7.  17.   0.   1.  79.  24.  21.  10.
   4.   0.]
[  0.   0.   0.   0. 120. 124.   0.   0.   5.   0.   0.   0.  49.  85.
   7.  28.  15.   0.   0.   0.   0.   0.  29. 124.   1.   0.   0.   0.
   0.   0.  74. 124.   0.   0.  29.  45.  93.  81.   0.   0.  39.   1.
   2.  15. 112. 124.   8.  27. 124.  16.   0.   0.   2.   5.  13. 124.
  33.   5.   0.   0.   0.   0.  26.  77.   0.   0. 124.  90.  11.   1.
   0.   0.  35.  12.  54.  52.  47.  16.   2.   9. 124.  51.   1.   0.
   2.   3.   1.  18.  62.  42.   0.   0.   0.   0.   0.   1.   4.   2.
  69.  24.   0.   1.   1.  15.  40.  17.  29.   6.   0.   0.   2.  38.
  76. 101.   5.   0.   0.   0.   0.   5.  44. 111.   2.   0.   0.   0.
   0.   0.]
[ 22.  35.  32.   0.   0.   0.  49.  47. 144.  28.   6.   1.   1.   2.
   9. 133. 155.  17.   0.   0.   0.   0.   2. 141.  41.   3.   0.   0.
   0.   0.   1.  14.  14.   3.   0.   0.   0.   0.  52.  39. 131. 105.
   2.   0.   0.   0.   4.  36. 155. 124.   0.   0.   0.   0.   0.  12.
  58.   8.   0.   0.   0.   0.   0.   6.  10.   3.   0.   0.   0.   1.
  12.  21. 116.  15.   0.   0.   0.   1.   8.  48. 155.  15.   0.   0.
   0.   0.   0.  69.  56.   6.   1.   0.   0.   0.   1.   9.  18.   7.
   0.   0.   0.   0.   2.  10. 125.   1.   0.   0.   0.   0.   1.  33.
 155.   0.   0.   0.   0.   0.   0.  42.  29.   0.   0.   0.   0.   1.
   2.   6.]
[  0.   1.  47.   2.   1.   0.   4.   1.   0.   0.  27.  47.  92.   0.
   0.   0.   0.   1.   3.  49. 132.  10.  11.   1.  78.  19.   6.  11.
   9.   7.  14.   9.   0.   5. 148.   7.   0.   0.   0.   0.  15.  11.
 148. 106.  13.   0.   0.   0.  95.  15.  26.  43.  26.  23.  58.  49.
  42.   1.   0.   1.  18.  52.  84.  41.   0.   4. 147.   8.   0.   0.
   0.   0.  73.  38. 111.  19.   0.   0.   0.   0. 148.  25.   6.   1.
  11.   5.   5.  26.  31.   0.   0.   2.  82.  23.   8.  12.   0.   6.
 110.   3.   0.   0.   0.   0.  95.  62.  71.   4.   0.   0.   0.   0.
 148.  33.   1.   1.  13.   0.   0.   3.  26.   1.   0.   9.  80.   0.
   0.   1.]
[136.   4.   0.   0.   0.   0.   0.  11. 121.  28.   6.   0.   0.   0.
   0.   6. 119.  23.   2.   0.   0.   2.   6.  42.  36.   6.   0.   0.
  17.  40.  20.  31. 103.  46.  19.   0.   0.   0.   0.   3.  46.  96.
  94.   1.   0.   0.   1.  11. 136. 116.  14.   0.   1.   1.   1.  20.
  96.   7.   0.   0.  68.  28.   2.  14.  66.  40.  12.   0.   0.   0.
   0.   7.  85.  20.  21.   0.   0.   0.  12. 115. 136.  21.   1.   0.
   1.   0.   3.  99. 108.   2.   0.   0.  50.  15.   0.  12.  82.   5.
   0.   0.   0.   0.   0.   4. 134.  37.   1.   0.   0.   0.   1.  22.
 136.  44.   1.   0.   0.   0.   0.  13.  90.   3.   0.   0.  23.  16.
   1.   6.]
[ 31.   6.   2.   0.   0.   0.   0.  15.  21.   8.  11.   4.   0.   0.
  10.  19.   7.   7.   3.   6.  13.   8.  17.   5.   0.   0.   0.   3.
  14.  20.  16.   1.  44.   9.   0.   0.   0.   0.   1.  19. 120.   5.
   3.   1.   0.   5.  90. 147.  16.   1.   0.   0.   2.  82. 154.  47.
   0.   0.   0.   0.   1.  91. 154.   0.  41.   2.   0.   0.   0.   1.
   4.  28. 154.  31.   0.   0.   0.   1.  13.  48. 124.  10.   0.   0.
   0.  27. 135.  34.   0.   0.   0.   0.   1.  69. 154.   1.  25.   4.
   1.   1.   4.   3.   2.   9. 154.  55.   0.   0.   0.   0.   0.   5.
 154.  32.   0.   0.   0.   0.   1.   1.   1.   1.   1.   1.   1.   2.
   2.   1.]
[ 29.   1.   0.   0.   0.   1.   7.  20. 155.   0.   0.   0.   0.   0.
   0.  57. 153.   2.   1.   1.   0.   0.   1.  26.   1.   1.   3.   3.
   1.   1.   1.   1.  25.   5.   5.   6.   2.   5.  15.  11. 155.  52.
  18.   2.   0.   0.   1.  41. 120.  33. 140.  31.   0.   0.   0.   8.
   0.   1. 155.  79.   0.   0.   0.   0.   9.  16.  17.  10.  10.   6.
   0.   0.  87. 148. 119.  10.   4.   2.   0.   2.  11.  40. 155.  73.
   0.   0.   0.   0.   0.   4. 155.  85.   0.   0.   0.   0.   0.  11.
  36.   7.   3.   1.   0.   0.   0.  14.  45.  14.   1.   0.   0.   0.
   2.  26.  39.   4.   0.   0.   0.   0.   4.   7.  16.   4.   1.   1.
   4.   4.]
[ 68.   4.   0.   0.   0.   0.   0.   7. 134.   2.   0.   0.   0.   0.
   0.  64. 134.   0.   0.   0.   0.   0.   0.  49.   4.   0.   0.   1.
   0.   0.   0.   1.  70.  12.   0.   0.   0.   2.   8.   8. 134.  39.
   1.   0.   0.   0.   0.  42. 116.  37.   9.   0.   0.   0.   0.  27.
   1.   4.   9.   1.   1.   0.   0.   1.  19.   3.   0.   0.   0.  76.
 134.   9. 128. 134.  10.   0.   4.  35.  71.  14.  22. 134. 111.   1.
   1.   2.   1.   1.   0.  46. 134.   1.   0.   0.   0.   0.   0.   1.
   7.  18.  23.  65. 102.   0.   2.  11.   4.  60.  97.  66.  45.   2.
  12.  81.  64.  23.  15.   3.   1.   0.   4.  44.  87.   1.   0.   0.
   0.   0.]
[ 37.   0.   0.   1.   1.   0.   0.   7. 149.   0.   0.   0.   0.   0.
   0.  51. 135.   2.   0.   0.   0.   0.   0.  32.  95.   2.   0.   0.
   0.   0.   0.  13.  74.   2.   2.   2.   1.   0.   0.   8. 149.   4.
   0.   0.   0.   0.   0.  40. 149.   9.   0.   0.   0.   0.   0.  13.
 115.   1.   0.   0.   0.   0.   0.  20.  91.   3.   1.   0.   0.   0.
   6.  12. 149.  42.   0.   0.   0.   0.   0.  12. 149.  41.   0.   0.
   0.   0.   0.  10. 115.   0.   0.   0.   0.   0.   0.  37.  25.   0.
   0.   0.   0.   6.  94.  36. 149.  10.   0.   0.   0.   0.  15.  49.
 149.   8.   0.   0.   0.   0.   0.  19. 110.   0.   0.   0.   0.   0.
   0.  25.]
[ 47.  11.   1.  20.  62.   0.   0.   0.  19.  31.  39.  75. 120.   0.
   0.   0.  70.  72.  22.  18.  93.   0.   0.   0.   3.  12.   6.  14.
  87.   0.   0.   0.  58.  10.   0.  14.  92.   2.   0.   0.  44.   8.
   1.  19. 120.  27.   7.   8. 120.  25.   1.   3. 110.  12.   6.  26.
   9.   6.   0.   3. 120.   7.   0.   0.  66.   4.   0.   2.  38.  25.
  11.   5.   9.   0.   0.   1.  72. 101. 120.  33.  40.   0.   0.   0.
  81.  73. 116.  99.   5.   1.   0.   0. 117.  73.   4.   3.  72.  13.
   2.   0.   0.   2.   7.   7.   7.   8.  19.   1.   0.   5.  62.   9.
   0.   1.  12.   9.  69.  41.  36.   6.   0.   0.   0.   2. 119.  85.
   1.   0.]
[121.  73.   2.   1.   0.   0.   0.   2.  92.  45.  34.   4.   0.   1.
   9.  10.   0.   7.  61.   6.   5.   8.  21.   1.   0.   2.   8.   8.
  65.  13.   3.   0. 121.  51.   3.   3.   6.   1.   0.   1.  97.  68.
 113.  93.  38.   0.   0.   0.  70. 105. 121.  31.   8.   0.   0.   2.
  35.  26.  14.   8.  64.   1.   0.   2. 121.   2.   0.   0.  10.   6.
   1.  10. 107.   8.   6.  29. 121.  15.   1.   8. 121.  26.   8.   9.
  40.   5.   1.  37.  80.   2.   0.   0.  67.   5.   1.  19.  87.   0.
   0.   0.   3.  13.   6.  24.  75.   0.   0.   0.  82.  73.  26.  26.
 121.   0.   0.   0.  16.  23.  34.  86.  48.   0.   0.   0.  63.   7.
   1.  18.]
[ 67.  74.  77.   4.   0.   0.   0.   0. 141.  61.   9.   0.   1.   0.
   0.   6.  36.  16.   2.   2.   7.   7.   1.   9.   4.   6.   0.   1.
  76.  71.   0.   0. 141.  27.   6.   0.   0.   0.  31.  68. 141.  10.
   1.   1.   5.   1.   2.  28.  48.  30.   6.  13.  36.   2.   0.   3.
  20.  30.   2.   1.  62.  44.   0.   0.  21.  11.  48.   1.   0.   2.
 141.  86.  81.  24.  51.  11.   4.   3.  42.  48.  14.  34.  69.  46.
  15.   0.   0.   0.   9.  58.  74.  24.  19.   6.   0.   0.   0.  65.
 141.   1.   0.   0.  13.   2.   0.  57. 141.   9.   2.   1.   5.   1.
   0.  13. 141.  24.   0.   0.   0.   0.   0.   6. 141.  42.   0.   0.
   0.   0.]
[116.  71.   0.   0.   0.   0.   0.   2.  93.  57.  42.   2.   0.   1.
  11.  14.   1.   9.  58.   8.  13.  16.  21.   1.   0.   1.   4.  10.
 100.  16.   2.   0. 116.  63.   2.   1.   0.   0.   0.   2.  69.  88.
 116.  62.  19.   0.   0.   0.  78. 113. 116.  19.   7.   0.   0.   2.
  20.  15.   7.  11. 116.   2.   0.   1. 108.   3.   0.   0.   2.   1.
   1.  24.  78.   9.  10.  23.  98.  32.   5.  17. 116.  22.   7.   5.
  17.   9.   3.  51.  44.   1.   0.   1. 116.  10.   0.  11.  64.   0.
   0.   0.   0.   1.  15.  53.  53.   0.   0.   0.  17.  57.  65.  53.
  87.   0.   0.   0.   6.  16.  53. 116.  17.   0.   0.   1. 110.  14.
   1.  14.]
[ 88.  69.   5.   5.   6.   1.   0.   0.  48.  53.  92.  86.  52.   3.
   0.   0.  98.  79.  81.  15.   9.   1.   0.   1.  22.   7.   2.   1.
  80.  14.   0.   1. 121.  15.   0.   1.  10.   9.   1.   3. 114.  16.
   3.  12. 121.  54.   3.   5. 121.  20.   2.   2.  27.  14.   3.  16.
  57.   1.   0.   0.  89.  24.   0.   6. 110.   3.   0.   0.   2.  20.
  13.  19. 121.   3.   0.   0.  45.  94.  52.  28. 121.   2.   0.   0.
  10.  33.  79. 119.  39.   1.   0.   1.  79.  28.   3.  22.  71.   9.
   1.   3.  14.  24.  14.  20. 121.  38.   2.   1.   3.   9.  26.  19.
  16.   6.  17.  26.   1.   3.  50.  46.   1.   0.  19.  54.  38.   5.
   3.   8.]
[ 32.   1.   0.   0.   0.   0.   0.  15. 152.   1.   0.   0.   0.   0.
   0.  20. 178.   0.   0.   0.   0.   0.   0.  22.  56.   0.   0.   0.
   0.   0.   0.  14.  37.   3.   0.   0.   0.   0.   0.  19. 178.  12.
   0.   0.   0.   0.   0.  14. 178.  17.   0.   0.   0.   0.   0.  10.
  73.   3.   0.   0.   0.   0.   0.   4.  33.  16.   0.   0.   0.   0.
   0.   6. 178.  14.   0.   0.   0.   0.   0.  14. 178.   5.   0.   0.
   0.   0.   0.  20.  71.   5.   0.   0.   0.   0.   0.   2.  25.   1.
   0.   0.   0.   0.   0.  16. 156.   4.   0.   0.   0.   0.   0.  21.
 178.   3.   0.   0.   0.   0.   0.  10.  53.   2.   0.   1.   0.   0.
   0.   1.]
[ 37.   1.   0.   0.   1.  10.  25.  34. 153.   6.   0.   3.  21.  46.
  66. 153.   4.   1.   0.   5. 153. 153.  42.  14.   0.   0.   0.   0.
  15.  13.   0.   0.  71.   4.   0.   0.   6.  10.   6.  16. 153.  40.
   6.   8.  45.  32.   8.  48.  22.   7.   6.  20. 153. 137.   5.   6.
   0.   0.   0.   0.  45.  13.   0.   0.  51.   2.   0.   0.   1.   2.
   3.  22. 153.  85.  57.  15.   8.   5.   2.  28.   9.  20.  58.  79.
 153.  32.   1.   1.   0.   0.   0.   2.  47.   5.   0.   0.   6.   0.
   0.   0.   0.   0.   0.   0.   8.   6.   4.   0.   0.   0.   0.   0.
   0.   1.   4.   4.   7.   0.   0.   0.   0.   0.   0.   0.   2.   0.
   0.   0.]
[  2.   0.   0.   0.   0.   0.   0.   1.  12.   0.   0.   0.   0.   1.
   3.   9.   0.   0.   0.   0.   2.   4.   4.   1.   0.   0.   0.   0.
   2.   0.   0.   0.  42.   2.   0.   0.   0.   0.   0.   6. 151.  16.
   1.   2.   9.  21.  50. 114.  10.   4.   2.  49. 151.  82.  54.  19.
   0.   1.   2.  31.  43.   1.   0.   0.  73.   5.   0.   0.   0.   0.
   0.   7. 151.  65.   6.  17.  38.   5.   6.  59.  31.  18.   7. 132.
 151.  15.   6.  10.   7.   6.   4.  29.  36.   0.   0.   0.  43.  36.
   0.   0.   0.   0.   0.   2. 149. 151.  63.  53.  16.   0.   0.  19.
   7.  20.  51. 151. 141.   1.   0.   3.   2.  12.  12.  12.  10.   0.
   0.   0.]
[ 36.   0.   0.   0.   0.   0.   0.  20. 148.   0.   0.   0.   0.   0.
   0.  54. 166.   1.   0.   0.   0.   7.  56.  95.   9.   0.   0.   0.
   7.  83. 103.  10.  47.   0.   0.   0.   0.   0.   0.  35. 166.   2.
   0.   0.   0.   0.   0.  36. 166.  17.   0.   0.   0.   0.   1.   8.
  38.   2.   0.   0.  51.  22.   6.   2.  33.   0.   0.   0.   0.   0.
   0.  46. 166.   1.   0.   0.   0.   0.   0.  42. 166.  15.   0.   0.
   0.   0.   0.   7.  49.   3.   0.   0.  56.   2.   0.   0.  17.   1.
   0.   0.   0.   0.   0.  44. 113.   2.   0.   0.   0.   0.   0.  37.
 166.  18.   0.   0.   0.   0.   0.   3.  45.   3.   0.   0.  36.   3.
   0.   0.]
[ 55.   0.   0.   0.   0.   1.   9.  49.  34.  18.   8.   1.   0.   6.
  78.  80.  11.  25.   6.   0.   2.  20. 145.  36.   0.   1.   0.   0.
  50. 133.  67.   0.  98.   1.   1.   3.   6.   0.   0.  30.  36.  64.
  75.  60.  55.   0.   0.  10. 101. 145.  55.   8.   7.   4.   2.   4.
  18.  13.   0.   0.  83.  64.   1.   0.  91.   0.   0.   1.  23.   1.
   0.  21.  57.   9.   6.  25. 145.   1.   0.   6. 145.  35.   5.   5.
  24.   0.   0.  23.  49.   2.   0.   1.  70.  10.   0.   3.  69.   0.
   0.   2.  23.   1.   0.  10.  59.   1.   0.  19. 145.   1.   0.   3.
 145.   1.   0.   2.  17.   0.   0.  15.  33.   0.   0.  10.  50.   1.
   0.   2.]
[  1.   0.  67.  91.   2.   1.   6.   5.  79.  26.  45.  36.   6.   3.
   9.   9. 155.  43.   5.   0.   0.   0.   2.  25.  31.   2.   0.   0.
   0.   0.  11.  27.   3.   0.   1.   5.   9.   8.  19.   9.  76.  32.
   6.  18.  45.  20.  27.  25. 155.  62.   1.   1.   1.   1.   7.  53.
  69.   5.   0.   0.   0.   0.   1.   6.   0.   0.   0.   0.   2.   9.
 155.  74.  14.   0.   0.   0.   9.  18. 155. 155. 130.   3.   0.   0.
   0.   1.  88. 155.  38.   5.   0.   0.   0.   0.   1.  12.   0.   0.
   0.   0.   0.   0. 118.  82.   0.   0.   0.   0.   0.   1.  92.  60.
   2.   0.   0.   0.   0.   0.  32.  27.   7.   0.   0.   0.   0.   0.
   2.   6.]
[ 27.  86.  77.   5.   0.   0.   0.   0.   6.  59.  91.   0.   0.   0.
   0.   0.   1.  23.  36.   0.   0.   0.   0.   0.   0.   5.   6.   0.
   0.   0.   0.   0.   2. 101. 161.  25.  29.   4.   1.   2.  14. 161.
 161.   9.   2.   5.   3.   2. 123. 161. 105.   0.   0.   0.   0.   3.
  32.  20.   5.   0.   0.   0.   0.   1.  14.   7.  10.   4.  57.  25.
   6.   8.  59.  28.  36.   7.   3.  29.  48.  31. 161.  60.   6.   0.
   0.   0.   7.  61.  69.   6.   0.   0.   0.   0.   0.   8.   8.   3.
   1.   1.  54.  11.   1.   3.  70.   2.   1.   0.   0.   1.   6.  28.
 161.   5.   0.   0.   0.   0.   1.  29.  53.   6.   0.   0.   0.   0.
   0.   3.]
[ 18.   2.   0.   0.   7.   6.   1.   4. 131.  50.   2.   1.  12.  22.
   9.  21.  64.  25.   6.  17.  76. 100.  15.  18.  75.  39.   0.   2.
   8.   5.   4.   4.  31.   7.   0.   0.   7.   7.   1.   2.  86. 131.
  29.   4.  30.  26.   1.   5.  68. 113. 102.  73.  52.  21.  26.  41.
  71.  28.   6.   7.   6.   8.  15.  11.  47.  17.   0.   0.   1.   3.
   1.   2.  70.  20.   3.   1.  46.  59.   3.  12. 131.  49.   8.   1.
  34.  79.  57. 100.  32.  16.   5.   1.  55.  96.  22.   9.  30.  19.
   0.   0.   0.   0.   0.   0.  29.  39.   3.   4.  36.  12.   0.   0.
 131. 131.   0.   1.  56.  30.   2.   2.  51.  36.   0.   0. 131.  88.
   1.   0.]
[ 51.   0.   0.   0.   0.   2.   9.  13. 142.   0.   0.   0.   4.   0.
   0.  23.  95.   0.   0.   7.  62.   0.   0.   7. 142.   0.   0.   1.
   8.   1.   0.  20.  35.   0.   0.   0.   0.   3.  53.  26. 142.   5.
   1.   3.   5.   0.   4.  33. 127.   9.   2.  31.  64.   0.   0.   4.
 142.   3.   0.   2.   9.   1.   0.  20.   8.   0.   0.   0.   0.   2.
 125.  25. 133.  16.   6.  12.   4.   2.  34.  61. 122.  26.  14.  72.
  24.   8.   4.   9. 142.  10.   1.   2.   9.   1.   0.  18.   0.   0.
   0.   0.   0.   0. 100.  16.   4.   1.   0.   1.   2.   9.  84.  39.
  58.   2.   1.   6.   7.  30.  65.  61. 142.   1.   0.   0.   9.   0.
   4.  63.]
[ 59.   1.   0.   0.   0.   6.  25.  28. 152.   2.   0.   0.   0.   0.
  11. 126.  40.   2.   0.   0.   0.   0.  29.  84.   8.   0.   0.   0.
  11.  34.  38.  31.  56.   0.   0.   0.   0.  15.  52.  20. 152.   4.
   0.   0.   0.   0.  22.  90.  57.   2.   0.   0.   0.   0. 134. 148.
   2.   0.   0.   1.  11.  30. 123.  51.  20.   0.   0.   0.   1.  13.
  68.  19. 152.  27.   0.   0.   0.   1.  13.  37. 152.  22.   1.   0.
   0.   0.  14.  35.   5.   2.   3.  11.  19.   8.  16.   7.  11.   0.
   0.   0.   7.   9.   7.   7. 152.  18.   0.   0.   0.   0.   1.  11.
 152.  16.   0.   0.   0.   0.   1.   6.   4.   0.   0.   1.  11.   7.
   1.   2.]
[141.  15.   0.   0.  27.   5.   0.   0.  70.   5.   0.   0. 146.  26.
   0.   1. 146.  20.   0.   0.   7.   2.   0.   0.  30.   1.   0.   0.
  14.   4.   0.   1. 146.  28.   0.   0.  24.   3.   0.   0.  73.   4.
   0.   0. 146.  37.   1.   3. 146.  18.   0.   0.  12.   6.   0.   5.
  49.   2.   0.   0.  15.   7.   0.   2. 146.  34.   0.   0.  10.   3.
   0.   0.  50.   5.   0.   0.  96.  65.   6.  16. 146.   4.   0.   0.
   7.  14.   5.  41.  57.   1.   0.   0.  14.   6.   0.   2. 146.  21.
   0.   0.   1.   1.   0.   0.  44.   5.   0.   0.  45.  18.   2.   4.
 146.  10.   0.   0.   7.   4.   1.  11.  47.   2.   0.   0.   9.   4.
   0.   1.]
[  7.   7.   7.   1.  36.   6.  23.  23.  97.  33.  10.   0.   0.   0.
  13.  30. 172.  54.   0.   0.   0.   0.   0.   1.  31.   7.   5.   4.
   1.   2.   2.   1.   3.  18.  66.  18.  50.   0.   0.   1.  80.  94.
  83.   0.   0.   0.   0.   3. 172.  92.   3.   0.   0.   0.   0.   5.
  51.   6.   5.   4.   2.   5.   7.   4.   1.   2.  11.   8.  82.   2.
   1.   2. 145.  17.  12.   0.   0.   0.   0.  41. 172.  10.   0.   0.
   0.   0.   0.  71.  55.   1.   0.   0.   0.   2.   8.  11.   2.   4.
   4.  10.  69.   0.   0.   0. 172.  13.   3.   1.   0.   0.   0.  40.
 172.   0.   0.   0.   0.   0.   0.  97.  24.   4.   2.   0.   0.   1.
   1.   6.]
[145.  20.   0.   0.   1.   0.   2.  14. 117.  25.   4.  13.  21.   0.
   0.   0. 145.  23.   1.   1.   2.   1.   0.   2.  22.   0.   0.   0.
   9.   7.   1.   3. 140.  17.   3.   1.   0.   0.  28.  70. 110.  46.
  24.  43.   7.   4.   5.  10. 145.  53.   5.   3.   2.   1.   1.  10.
  39.   1.   0.   0.  13.   8.   2.   3.   9.   1.   0.   0.   0.   1.
 102.  80.  45.   4.   2.   5.   4.  16. 107.  83. 145.   5.   0.   0.
   2.   1.  14. 125.  36.   0.   0.   0.  15.   6.   1.   8.   0.   0.
   0.   0.   0.   0. 114.  55.   7.   0.   0.   0.   0.   0. 130.  88.
  85.   3.   1.   1.   2.   0.  18. 101.  15.   1.   1.   3.  12.   2.
   0.   4.]
[149.  24.   1.   1.   2.   0.   3.  12. 118.  23.   2.  18.  68.   1.
   0.   0. 149.  26.   1.   3.  13.   3.   0.   2.  25.   0.   0.   0.
  23.   8.   0.   3. 130.  21.   4.   3.   1.   1.  38.  61. 110.  44.
  15.  73.  39.  11.   7.  11. 149.  56.   3.   9.  12.   4.   2.  12.
  40.   1.   0.   0.  33.   9.   1.   3.   7.   1.   0.   0.   0.   1.
  95.  70.  39.   3.   1.   7.  10.  35. 114.  70. 149.   5.   0.   1.
   9.   5.  23. 116.  40.   0.   0.   0.  36.   6.   0.   5.   0.   0.
   0.   0.   0.   0. 100.  51.   6.   0.   0.   0.   0.   1. 126.  68.
  89.   4.   3.   1.   5.   1.  23.  80.  22.   3.   2.   3.  28.   2.
   0.   2.]
[  0.  61. 114.   1.   0.   4.  21.   0.   0.  20.  40.  45.  18.  12.
  23.   0.  16.  23.  33.  84.  34.   8.  10.   2.  75.  37.  11.   2.
   0.   1.  17.  11.  81. 139.  99.   0.   0.   0.   0.   1. 119. 101.
  36.  11.  25.  20.   2.   7.  50.   8.   5.  22.  77. 104.  15.  22.
 139.  32.   1.   1.   0.   5.   5.  20. 139.  24.   0.   0.   0.   0.
   0.   3. 139.  11.   0.   0.   1.  12.   3.  17.  40.   0.   0.   0.
  15. 136.  24.  17.  32.  46.   5.   4.  15.  24.  11.  10. 139.  37.
   0.   0.   0.   0.   0.   0. 139.  15.   0.   0.   0.   0.   0.   4.
  48.   0.   0.   0.  34.  36.   2.   5.   5.  17.   4.   9.  88.  22.
   0.   0.]
[  5.   0.   0.   1.   1.   1.   1.   3.  24.   0.   0.   0.   1.   9.
  19.  44.   0.   0.   0.   0.   9.  77.  24.   8.   0.   0.   0.   0.
   1.  10.   1.   0.  20.   0.   0.   0.   1.   7.  29.  24. 149.   4.
   0.   1.   5.  26.  73. 149.  13.   1.   0.   2. 106. 149.  89.  44.
   0.   0.   0.   0.  28.  42.   2.   0.  26.   3.   0.   0.   3.   9.
  11.   7. 149.  56.   1.   3.  15.  15.  11.  51.  65.  14.   2.  10.
 149. 149.  12.  13.   0.   0.   0.   0.  93.  41.   0.   0.  12.   0.
   0.   0.   1.   3.   2.   8. 149.  54.  17.   1.   1.   4.   3.  28.
  45.  37.  58.  54. 133.  52.   2.   2.   0.   0.   0.   8.  93.  22.
   0.   0.]
[  1.   0.   0.   1.  47.  11.  12.   5. 137.   1.   0.   0.   0.   0.
   8.  27. 195.   2.   0.   0.   1.   1.   0.  14.  25.   2.   0.   0.
   4.   2.   0.   2.   5.   3.   1.   3.  64.   0.   0.   0. 167.  22.
   1.   1.   1.   0.   0.   3. 195.  25.   0.   0.   2.   0.   0.   2.
  31.   3.   0.   0.   5.   1.   1.   4.   6.   1.   2.   3.  65.   2.
   0.   1. 163.  14.   4.   3.   2.   1.   0.   2. 195.  16.   0.   0.
   0.   0.   0.   4.  36.   1.   0.   0.   0.   1.   1.   4.   0.   0.
   6.  15.  47.   1.   0.   0. 127.  15.   7.   7.   0.   0.   0.   1.
 195.  16.   0.   0.   0.   1.   1.   6.  30.   0.   0.   0.   1.   2.
   4.   6.]
[  2.   5.  73.  96.  30.   1.   0.   0. 103. 111.  77.  26.   5.   0.
   0.   4.  94.  28.   0.   0.   8.   2.   0.   3.  14.   0.   0.   0.
  20.   5.   0.   2.  14.   2.   5.  25. 145.  27.   0.   7. 145.  24.
   6.   7.  28.   7.   0.  49. 145.   5.   0.   0.   9.   1.   0.  17.
  17.   0.   0.   0.  28.   4.   0.   1.  17.   4.   1.   6. 145.  20.
   0.   2. 145.  60.   2.   5.  37.   4.   0.   8. 145.  21.   0.   0.
   8.   1.   0.   4.  16.   1.   0.   0.  29.   3.   0.   1.  14.   2.
   0.   5. 145.   9.   0.   0. 145.  21.   1.   5.  49.   1.   0.   7.
 145.   4.   0.   0.   6.   1.   0.  12.  12.   0.   0.   0.  25.   2.
   0.   1.]
[  0.   1.   2.   2.  45.   7.   1.   1. 112.   6.   1.   1.   4.   4.
   2.   8. 207.  14.   0.   0.   0.   0.   0.   4.  49.   1.   0.   0.
   0.   0.   0.   7.   2.   1.   2.   2.  63.   9.   2.   2. 133.   6.
   0.   0.   0.   1.   2.   8. 207.  19.   0.   0.   0.   0.   0.   4.
  72.   1.   0.   0.   0.   0.   0.   9.   0.   0.   1.   8.  69.  10.
   2.   1. 115.  18.   4.   5.   1.   0.   1.   2. 207.  29.   0.   0.
   0.   0.   0.   2.  83.   2.   0.   0.   0.   0.   0.   7.   0.   0.
   1.  15.  71.   1.   0.   0.  76.  25.   5.   8.   3.   0.   0.   0.
 207.  40.   0.   0.   0.   0.   0.   1.  75.   3.   0.   0.   0.   0.
   0.   8.]
[ 29.   0.   0.   1. 133.   3.   0.   1. 167.   0.   0.   0.   4.   0.
   0.  12. 121.   0.   0.   0.   0.   0.   1.  10.  25.   0.   0.   0.
   3.   0.   0.   3.  35.   0.   0.   2. 164.   8.   1.   3. 167.   6.
   0.   0.   3.   1.   1.  14. 149.   4.   0.   0.   0.   0.   0.   7.
  28.   0.   0.   0.   3.   0.   0.   6.  14.   0.   0.   1.  91.  50.
  40.  15. 167.  27.   0.   0.   0.   3.  21.  54. 156.  19.   0.   0.
   0.   0.   0.  11.  27.   1.   0.   0.   3.   0.   0.   8.   2.   0.
   0.   0.  28.  37.  37.  11. 167.   1.   0.   0.   0.   1.  19.  75.
 112.   1.   0.   0.   0.   0.   0.  18.  22.   2.   0.   0.   3.   0.
   0.   1.]
[  2.   1.   1.   1.   1.  18.  38.   9. 177.  19.   0.   0.   0.   0.
  17.  41. 177.  41.   0.   0.   0.   0.   0.   5.  22.   4.   0.   0.
   0.   0.   0.   1.   0.   0.   0.   0.   0.  59. 126.   9. 167.   2.
   0.   0.   0.   7.  66.  90. 177.  21.   0.   0.   0.   0.   0.  23.
  39.   3.   0.   0.   1.   1.   0.   3.   0.   0.   0.   0.   0.  46.
  75.   2.  86.   0.   0.   0.   0.  19.  83.  51. 177.  14.   0.   0.
   0.   0.   3.  29.  50.   5.   0.   0.   1.   2.   0.   1.   0.   0.
   0.   0.   0.   6.  34.  11.  34.   0.   0.   0.   0.  12.  45.  24.
 177.  15.   0.   0.   0.   0.   4.  21.  45.   9.   0.   0.   0.   0.
   0.   0.]
[  0.   0.   0.   0.   0.  42. 119.  15. 175.   8.   0.   0.   0.   3.
  44.  79. 175.  41.   0.   0.   0.   0.   0.   8.  28.   4.   0.   0.
   2.   2.   0.   2.   0.   0.   0.   0.   0.  41. 100.   5. 144.   2.
   0.   0.   0.  12.  84.  64. 175.  37.   0.   0.   0.   0.   1.  20.
  52.  11.   0.   0.   1.   2.   0.   1.   0.   0.   0.   0.   0.   8.
  52.  17.  69.   1.   0.   0.   0.  11.  64.  42. 175.  47.   0.   0.
   0.   0.   3.  23.  72.  23.   0.   0.   0.   0.   0.   0.   0.   0.
   0.   0.   0.   0.  20.  23.  20.   0.   0.   0.   0.   0.  24.  43.
 175.  15.   0.   0.   0.   0.   2.  26.  84.  11.   0.   0.   0.   0.
   0.   1.]
[  0.   0.   0.  39.  52.  19.   0.   0.  17.  15.  18. 129.  37.   3.
   0.   0. 130.  37.  14.  13.   0.   0.   0.   6.  39.   2.   0.  17.
   9.   0.   0.   3.   0.   0.   0. 130.  77.   0.   0.   0.  51.  26.
  11. 130.  49.   0.   1.   9. 130.  50.   5.   7.   1.   0.   0.  20.
  41.   3.   1.  72.  35.   0.   0.   1.   0.   0.   0.  96. 123.  23.
   7.   3.  36.   2.   1.  34.  31.   7.  24. 130. 130.  16.   4.   9.
   4.   0.   2. 130.  17.   5.   3.  81.  70.  17.   1.   2.   0.   3.
   2.   1.  33.  90.  74.  11.   8.   0.   0.   0.   2.  12. 127. 108.
  34.  10.   1.   1.   1.   4.  30.  55.   6.   3.   1.   3.  20.  63.
  12.  15.]
[ 51.  31.  15.   1.   0.   0.   0.   0. 194.  70.   0.   0.   0.   0.
   0.   0.  97.   9.   0.   0.   0.   0.   0.   3.   3.   0.   0.   0.
   1.   0.   0.   3.  67.  13.   7.   1.   1.   2.  10.  11. 194.  31.
   0.   0.   0.   0.   0.   8. 160.   6.   0.   0.   0.   0.   0.   2.
   4.   0.   0.   0.   1.   0.   0.   1.  32.   0.   0.   0.   0.  11.
  75.  44. 194.   4.   0.   0.   0.   0.   8.  67. 161.   6.   0.   0.
   0.   0.   0.   7.   4.   1.   0.   1.   1.   0.   0.   1.  10.   0.
   0.   0.   0.  29.  61.  22. 194.   0.   0.   0.   0.   0.  11.  59.
 119.   0.   0.   0.   1.   1.   0.   6.   3.   0.   0.   0.   1.   1.
   0.   1.]
[113.   2.   0.   0.   0.  10.  57.  51. 182.  57.   0.   0.   0.   0.
   1.  23.  75.  23.   0.   0.   0.   1.   0.   0.   2.   1.   0.   0.
   3.   1.   0.   0.  66.   1.   0.   0.   0.   0.  39.  73. 182.  34.
   0.   0.   0.   0.   2.  45. 145.  22.   1.   0.   0.   0.   0.   2.
   2.   6.   1.   0.   1.   1.   0.   0.  27.   0.   0.   0.   0.   0.
  42. 101. 182.  15.   0.   0.   0.   0.   4.  80. 135.  31.   2.   0.
   0.   0.   0.   2.   4.  18.   1.   0.   0.   0.   0.   0.  10.   0.
   0.   0.   0.   0.  45.  77. 182.   3.   0.   0.   0.   0.   4.  93.
  86.  12.  21.   5.   0.   0.   0.   7.   2.  27.  18.   2.   0.   0.
   0.   0.]
[ 50.  10.   0.   3.  17.   0.   0.   0.  59.   4.   0.  15. 164.   1.
   0.   0. 164.  20.   0.   1.  25.   0.   0.   1. 155.   6.   0.   0.
   0.   0.   0.   3.  59.  15.   0.   5.  22.   0.   0.   0.  59.   4.
   0.  12. 164.  16.   2.   5. 164.  49.   0.   0.  28.   4.   2.  13.
 141.  76.  23.   0.   0.   0.   0.   1.  54.  17.   1.   1.  10.   1.
   0.   2.  17.   3.   1.   2.  84.  63.  42.  37. 164.  27.   0.   0.
   6.  12.  28. 108.  75.  89.  22.   0.   0.   0.   0.   4.  44.  12.
   0.   0.   0.   0.   1.   5.  21.   5.   0.   0.   1.   4.  13.  37.
  49.  10.   0.   0.   0.   0.   6.  64.  21.  40.   9.   0.   0.   0.
   0.   4.]
[  2.  44.  16.   0.   0.   0.   0.   0.  63.  38.   3.   0.   0.   0.
   0.   3. 134.   5.   0.   0.   0.   0.   0.  46.  74.   0.   0.   0.
   0.   0.   0.  30.  30.  80.  29.   1.   0.   0.   1.   8.  89.  65.
   3.   0.   0.   0.  14.  53. 134.  23.   0.   0.   0.   0.   3.  59.
  86.   0.   0.   0.   0.   0.   0.  16. 124.  51.   4.   1.   1.  34.
  17.  20. 134.  53.   0.   0.   0.   0.  49. 134. 109.  11.   0.   0.
   0.   0.  28. 134.  37.   5.   0.   0.   0.   0.   0.  23.  35.  20.
   0.   0.   0. 134.  44.   5. 134. 134.   0.   0.   0.  16.  10.  17.
  78. 129.   1.   0.   0.   0.   1.  22.   7.  27.   2.   0.   0.   0.
   0.   2.]
[ 15. 129.   6.   0.   0.   0.   0.   0.  10. 129.  14.   0.   0.   0.
   0.   0.   3.  84.   9.   0.   0.   0.   0.   0.   2.   7.   1.   0.
   0.   0.   0.   0.   0.  51.  47.   5.   0.   0.   0.   0.  21. 129.
  89.   1.   0.   0.   0.   2. 113. 129.  23.   0.   0.   0.   0.   4.
  21.  29.  15.   4.   0.   0.   0.   0.   1.   8.  63.  41.   0.   0.
   0.   0. 105.  87.  55.   4.   0.   0.   0.  13. 129. 123.  93.   0.
   0.   0.   0.  20.  18.  46. 129.   3.   0.   0.   0.   0.   0.   6.
  39.  48.   4.   2.   7.   2.  15.  99.  74.   6.   1.   1.  26.  23.
  14. 107. 129.   0.   0.   0.  29.  26.   6.  62. 129.   0.   0.   0.
  21.  34.]
[ 19.  26.   9.   3.  17.  36.   1.   5.  57.  39.   1.   0.   0.   0.
  12.  32.  86.  12.   0.   0.   0.   0.  12.  49.  72.   0.   0.   0.
   0.   0.   0. 122.  40.   1.   0.   0.  54. 127.   6.  17. 127.   3.
   0.   0.   2.   7.  63. 111.  54.   1.   0.   0.   0.   0. 127. 127.
  56.   0.   0.   0.   0.   0.   7. 120.  19.   0.   0.   0.  63. 127.
   6.   7. 127.  24.   0.   0.   7.  29.  10.  37. 119.  21.   0.   0.
   0.   0.  40.  59.  10.   5.   0.   0.   0.   0.   5.  29.   1.   0.
   0.   0.  36. 127.   7.   4. 127.  14.   0.   0.  11.  70.   9.  27.
 127.  33.   0.   0.   0.   0.   0.   2.  16.   7.   0.   0.   0.   0.
   0.   2.]
[ 23.  35.   0.   0.   0.   0.   1.  14.  56.  24.   1.   0.   0.   0.
   0.  37. 149.   5.   0.   0.   0.   0.   0.  65. 117.   0.   0.   0.
   1.   0.   0.  22.  14.  41.   1.   0.   0.   0.  71.  32.  59.  81.
   7.   0.   0.   0.  81.  25. 149.  40.   1.   0.   0.   0.  11.  42.
 125.   9.   0.   1.   2.   0.   0.  10.  30.   3.   0.   0.   0.   0.
 125.  84.  33.   7.   0.   0.   0.   1. 149.  93. 149.  25.   0.   0.
   0.   1. 134. 105.  67.  72.   4.   4.   2.   1.   6.   5.  71.  34.
   0.   0.   0.   0.   1.   9.  65.  87.   0.   0.   0.   0.  16.  22.
  25.  81.   1.   0.   0.   3.  49.  21.   7.  33.   6.   2.   1.  17.
  18.   3.]
[  0.  52. 132.   0.   0.   0.   0.   0.   0.  30. 127.   3.   0.   1.
   1.   0.   3.   6.  78.  52.   3.   4.   2.   0.  12.   2.  11.  33.
   7.   5.   2.  16.   0.  98. 141.   5.   0.   0.   0.   0.  12.  79.
 141.  27.   0.   0.   0.   0. 130. 102. 141.  18.   0.   0.   0.   4.
  56.  17.  30.  57.   0.   0.   0.   8.   1.  35.  42.  27.   0.   0.
   0.   0.  98.  21.  55.  70.   3.   0.   0.   5. 141.  69.  32.   5.
   0.   0.   0.  12.  20.  19.  72.  79.   0.   0.   0.   0.   1.   9.
  27.  37.   0.   0.   0.   0. 108.  29.  14.  26.   0.   0.   0.   0.
 122.  64.  39.   3.   0.   0.   0.   1.   1.   6.  77.  32.   0.   0.
   0.   0.]
[  0.   0.   1.   0.   7. 134.  40.   0.  41.  23.   4.   1.  18.  93.
   7.  26.  85.  17.   0.   0.   0.   0.  29. 117.  87.   1.   0.   0.
   0.   0.   9. 134.   1.   0.   0.   0.   8. 134.  62.   6.  68.   1.
   0.   0.  41. 134.  19.  31. 134.  13.   0.   0.   1.  12.  37. 134.
  41.   5.   0.   0.   0.   0.  18. 103.  16.   0.   0.   0.   1.  40.
  24.  29.  18.   0.   0.   0.  31. 134.  22.  15. 134.  37.   0.   0.
   6.  62.  12.  27.  75.  23.   0.   0.   0.   0.   0.   4.  38.   6.
   0.   0.   0.   2.   1.  10.   8.   0.   0.   0.  24.  95.   6.   6.
  66.  26.   0.   0.  31.  90.   3.   6.  75.  37.   0.   0.   0.   1.
   0.   2.]
[  0.   0.   3.  11.   5.   0.   0.   0.   0.   0.   3.  98.  44.   0.
   0.   0.  77.   4.   7.  83.  46.   0.   0.  19.  81.   3.   2.   6.
   1.   0.   0.  26.   0.  17. 134.  56.   4.   0.   0.   0.  11.  12.
  49. 140.  58.   0.   0.   0. 140.  26.  22.  79.  14.   0.   0.  16.
  75.   7.   9.  16.   1.   0.   0.   9.   0.  33. 140. 102.   7.   0.
   0.   0.  80.  26. 106. 140.  11.   0.   0.   8. 140.  40.  11.  19.
   1.   0.   0.  20.  38.  23.  27.  22.   0.   0.   0.   0.   0.   1.
  12.  39.  66.   3.   0.   0. 134.  13.  18.  31.  18.   5.   1.  16.
 140.  70.   2.   0.   0.   0.   0.   8.  14.  35.  24.   9.   0.   0.
   0.   0.]
[  0.   0.   5.  76.  18.   0.   0.   0.  57.   5.   7. 123.  42.   0.
   0.  15. 106.   3.   3.  16.   5.   0.   0.  41.   3.   0.   1.  54.
  36.   0.   0.   1.   5.  10. 135. 135.  13.   0.   0.   0. 135.  38.
  35. 119.   9.   0.   0.  14. 109.  13.  15.  39.   5.   0.   0.  12.
   0.   0.   2.  88.  39.   0.   0.   0.  69.  19. 135. 107.  10.   0.
   0.   4. 135.  62.  22.  20.   0.   0.   0.  13.  49.  37.  47.  47.
   2.   0.   0.   1.   0.   0.   5.  99.  20.   0.   0.   0.  90.  13.
   4.  12.  37.   3.   0.   5. 135.  97.   3.   0.   0.   0.   0.   3.
  17.  49.  35.  24.   1.   0.   0.   0.   0.   0.   8.  69.   8.   0.
   0.   0.]
[  0.   1.   1.   0.   0.   0.   3.   2.  14.  17.   5.   0.   0.   0.
  45.  39.  13.  10.   1.   0.   0.   0. 114.  65.   1.   0.   0.   0.
   0.  11. 160.  40.   0.   1.   4.   2.   0.   0.   0.   0.  31.  92.
  74.  23.   4.   0.   1.   5. 162. 125.  16.   1.   0.   0.  16.  46.
  69.   1.   0.   0.   0.   0.  77. 117.   0.   0.   0.   2.   1.   0.
   0.   0.  92.  15.  10.  24.  28.   0.   0.   9. 162.  26.   3.   1.
   1.   0.   0.  30. 162.   0.   0.   0.   0.   0.   2.  42.   0.   0.
   0.   0.   0.   0.   0.   0.  95.   0.   0.   5.   9.   0.   2.  10.
 162.   1.   0.   0.   0.   0.   0.  20. 162.   0.   0.   0.   0.   0.
   0.   8.]
[  8.   4.  13.   1.   0.   0.   4.   8. 159.   8.   3.   0.   0.   0.
   0.  17. 159.   0.   0.   0.   0.   0.   7.  35.   1.   0.   0.   0.
   0.   2.  20.   7.  23.  24.  79.  24.   3.   7.   4.   1. 159.  48.
  17.   1.   0.   0.   1.  46. 159.   2.   0.   0.   0.   0.   3.  63.
   1.   0.   0.   0.   0.   2.  19.   7.  25.   5.   6.   5.   3.  53.
  79.  12. 159.  51.   1.   0.   0.   9.  19.  35. 159.  25.   0.   0.
   0.   0.   3.  24.   1.   0.   0.   0.   0.   1.  16.   6.   2.   0.
   0.   0.   0.  37.  67.   9. 159.   6.   0.   0.   0.  10.  27. 120.
 157.   5.   0.   0.   0.   0.   1.  53.   2.   0.   0.   0.   0.   1.
   9.   6.]
[  0.   0.   0.   0.   4.  10.   6.   0. 105.   6.   0.   0.  23.  30.
   6.  20. 164.  26.   4.  13.   4.   3.  18. 112.  14.   3.   5.  81.
  76.  58.  32.  23.   0.   0.   0.   0.  14.   5.   0.   0. 119.  17.
   0.   2.  73.  10.   1.   6. 164.  64.   3.  14.  14.  11.   7.  15.
  30.   6.   3.  63.  78. 110.  42.   6.   0.   0.   0.   0.  10.   3.
   0.   0.  74.   1.   0.   0.  31.  20.  16.  74. 164.  60.  19.   0.
   1.   3.   8.  84.  42.  41.  74.  34.  66.  62.  30.   7.   3.   0.
   0.   0.   0.   0.   0.   1.  75.   6.   0.   0.   0.   1.   3.  28.
  77.  58.  62.   6.   0.   0.   0.  15.   2.  28. 150.  25.   9.   0.
   0.   0.]
[ 18.   1.   0.   0.   1.   5.  69. 141.  51.  14.   1.   0.  13.  11.
  23. 129. 141.  35.   1.   0.   2.   0.   0.   9. 124.  11.   0.   0.
   0.   0.   0.  11.  41.   1.   0.   0.  10.   5.  12. 141.  25.  10.
   3.   5. 136.  36.  21.  43. 141.  53.   3.   2.  16.   3.   3.  38.
 141.  17.   0.   0.   0.   0.   0.   8.  35.   3.   0.   0.  10.   4.
   2.  62.  11.   1.   0.   0.  65.  57.  52.  61. 141.   3.   0.   0.
   5.   8.  30. 141. 115.  18.   0.   0.   0.   0.   0.  16.  42.   7.
   0.   0.   0.   0.   0.   2.  52.   2.   0.   0.   0.   3.  13.  35.
  78.  10.   0.   0.   0.   0.   4.  39.  55.  20.   0.   0.   0.   0.
   0.   1.]
[124.  11.   0.   0.   0.   1.   2. 124.  92. 124.   4.   0.   2.   4.
   2.   7. 109. 124.   0.   0.   0.   0.   0.   0.  42.  60.   0.   0.
   0.   0.   0.   0. 124.   2.   0.   0.   4.  16.  11. 124.  35.  75.
   4.   5.  45.  79.  13.  22. 124. 124.   1.   1.   2.   5.   2.  16.
  63.  89.   0.   0.   0.   0.   0.   1. 124.   3.   0.   0.   4.   8.
   2.  82.  20.   3.   0.   0.  33.  97.  32.  36. 124.  19.   0.   0.
   2.  14.  22. 110.  61.  60.   0.   0.   0.   0.   0.   4.  63.  21.
   0.   0.   0.   0.   0.  25.  21.  22.   0.   0.   0.   5.   7.   9.
  58.  33.   0.   0.   0.   1.   4.  20.  20.  55.   0.   0.   0.   0.
   0.   0.]
[  0.  44.  25.   2.   7. 136.   6.   0.  56.  54.  26.   9.   0.  12.
   2.   2. 161.  14.   1.   0.   0.   0.   0.  12.  81.  11.   1.   0.
   0.   0.   0.   6.   0.   4.   1.   0.   7. 161.  24.   0.  77.  51.
   3.   0.   2. 161.  29.  10. 161.  42.   0.   0.   0.   7.   9.  27.
  97.  10.   0.   0.   0.   0.   0.   3.   0.   0.   0.   3.  16.  71.
   5.   0.  14.   1.   0.   0.   3. 161. 113.  26. 161.   9.   0.   0.
   0.  19.  75. 117.  69.  26.   0.   0.   0.   0.   0.   5.   0.   0.
   0.   1.   2.   3.  11.   5.   1.   1.   0.   0.   3.  10.  27.   5.
  35.  11.   0.   0.   0.   2.  15.  19.  25.  29.   3.   0.   0.   0.
   0.   1.]
[  0.   0.   0.   0.   0.   0.   0.   0.  82.   0.   0.   0.   0.   0.
   0.   1. 166.   2.   0.   0.  24.   0.   0.   2.  27.   0.   0.   2.
 166.   4.   0.   0.   0.   0.   1.   0.   0.   0.   0.   0.  99.   4.
   0.   0.   0.   0.   0.   2. 166.  14.   0.   2.  27.   0.   0.   3.
  34.   2.   0.   6. 166.   4.   0.   1.   2.   1.   1.   0.   0.   0.
   0.   0. 101.   1.   0.   0.   0.   0.   0.  10. 166.   2.   0.   1.
  30.   1.   0.  24.  32.   1.   0.   8. 166.   1.   0.   2.   4.   0.
   0.   0.   0.   0.   0.   0.  90.   3.   0.   0.   0.   0.   0.   1.
 166.   3.   0.   0.  28.   0.   0.   6.  24.   0.   0.   1. 166.   2.
   0.   2.]
[  1. 130.  22.   2.   2.  98.   4.   0.   8.  95.  87.  23.   8.   5.
   1.   0. 144.  22.  12.   7.   3.   0.   0.  25.  86.   4.   0.   0.
   0.   0.   0.  12.   0.   9.   3.   1.   7. 144.  10.   0.  38.  86.
  54.   5.  27. 144.  12.   9. 144.  93.  11.   0.   1.   6.   6.  31.
  88.  23.   0.   0.   0.   0.   0.   3.   1.   5.   0.   0.   1.  94.
   8.   1.  17.   3.   0.   0.   7. 144.  97.  37. 144.   9.   0.   0.
   0.  22.  58. 144.  63.  22.   0.   0.   0.   0.   0.   5.   0.  21.
   1.   0.   0.   2.   0.   0.   2.   8.   4.   0.   0.  19.  21.   6.
  35.  19.   1.   0.   0.   3.  15.  28.  32.  18.   0.   0.   0.   0.
   0.   1.]
[  9.   0.   0.   0.   0.   3.   6.  14.  86.  27.   0.   0.   0.   3.
  15.  59.  69. 133.  12.   1.   2.  27.  31.   9.   0.  22.  14.   4.
   7.  68.  46.   3.  36.   0.   0.   0.   0.  10.   7.  14. 137.   5.
   0.   0.   9.  33.  34.  86.  17. 103.  27.   6.  92.  87.  23.  15.
   0. 132.  67.   5.   8.   2.   1.   0.  34.   1.   0.   0.   3.  34.
   5.   4. 137.  23.   0.   0.  29.  10.   3.   9.  47.  13.   5.   4.
 137.  75.  10.   3.   0.  83.  46.   3.  32.  34.  19.   0.  16.   0.
   0.   1.  20.  26.   1.   1. 137.  14.   0.   0.   7.   7.   2.   4.
  63.   4.   0.   0.  51. 110.  72.   4.   0.   2.   3.   0.   6. 137.
 114.   0.]
[ 24.  38.   0.   0.   2.   1.   0.   1.  24.  32.   4.   0.   0.   2.
  14.  24.   3.  25.  11.   1.   1.  14.  17.   5.   4.  60.  14.   1.
   1.   3.   0.   0.  59.  10.   0.   1.   1.   4.   4.   5. 160.  12.
   0.   0.   0.  20.  45. 103.  19.   1.   2.   1.  12. 160.  69.  29.
   8.  15.   5.   4.   8.  55.  13.   5.  45.   7.   2.   1.   2.   7.
   3.   3. 160.  26.   0.   0.   0.   5.   6.  18. 118.   4.   0.   0.
   2. 160.  40.  20.   0.   0.   0.   1.  18. 160.  16.   1.  34.   5.
   2.   2.   1.   0.   0.   1. 160.  18.   0.   0.   0.   0.   0.   2.
 153.   7.   1.   1.   1.  30.   3.   5.   0.   0.   1.   1.  32. 160.
   4.   0.]
[ 11.  19.  51.  29.  16.   0.   0.   1.  35.  75.  65.   7.   2.   2.
   6.  21.   3. 154.  65.   1.   2.   7.   6.   5.   0. 119.  64.   0.
   0.   0.   0.   0.  28.   8.   3.  13.  52.   0.   0.   3. 154.   7.
   1.   2.  17.  26.  26.  82.  20.  25.  17.   9. 110.  89.  25.  20.
   0. 137.  56.   6.  11.   1.   0.   0.  36.  14.   3.  10.  34.   0.
   0.   0. 154.  23.   0.   2.  39.   6.   2.   8.  60.   6.   2.  12.
 154.  23.   3.   7.   3.  20.  23.  10.  45.  11.   7.  10.  32.   7.
   0.   3.  19.   0.   0.   1. 154.  24.   0.   1.  26.   2.   0.   0.
  58.   9.   2.   3. 154.  45.   9.   2.   3.  10.  11.  12.  39.  20.
  43.   7.]
[  0.   0.   0.  97.  38.   2.   3.   1.  34.   1.   0.  30.  14.   5.
  13.  37. 113.   3.   0.   0.   0.   0.   2. 144.  14.   0.   0.   0.
   0.   0.  16.  72.   7.   4.   1.  45.  13.   3.  40.   8.  65.  11.
   1.   5.   7.   9.  61.  33. 144.  27.   0.   0.   1.   1.  10.  66.
  30.   1.   0.   0.   0.   3.  10.  14.   1.   1.   3.   2.   1.   2.
 144.  49.   8.   1.   9.   4.   1.   2. 144.  63.  74.   2.  18.   3.
   0.   0.  79. 131.  16.   1.  29.   7.   2.   1.   1.   9.   1.   2.
 142.  24.   0.   1.  37.  15.   0.   0. 144.  36.   0.   2.  37.   3.
   0.   0. 144.  29.   0.   0.   9.   5.   0.   0. 144.  28.   0.   0.
   0.   0.]
[ 24. 115.  18.   0.   0.   0.   0.   0.  15.  30.  30.   0.   0.   0.
   0.   3.   2.  11.  15.   1.  12.   2.   2.   3.   0.   0.   0.   9.
 142.   1.   0.   0.  12. 142.  65.   0.   0.   3.   1.   1.  15. 101.
 142.   1.   0.   1.   1.   1.  86. 125.  68.   1.  13.   0.   0.   1.
   9.   5.   0.  18. 142.   0.   0.   0.  14.  22.  12.   0.   1.  50.
   8.   9.  79.  27.  46.   4.   2.   6.   6.  16. 142.  29.   6.   1.
  17.   2.   0.  33.  20.   1.   0.  16. 142.   1.   0.   4.   2.   1.
   1.   0.   2. 118.  14.   1.  81.   6.   7.   2.   3.  34.   2.  14.
 142.  15.   1.   1.  19.   1.   0.  34.  11.   2.   0.  11. 142.   1.
   0.   3.]
[  0.   0.   0.  50.  76.   6.  11.   3.  50.   5.   0.   2.   9.   7.
  23.  43. 100.   9.   0.   0.   0.   1.   4. 136.   9.   0.   0.   0.
   3.  13.  11.  33.   7.   8.   3.  18.  28.   8.  30.  13.  66.  16.
   4.  12.  17.  16.  52.  32. 136.  30.   0.   2.   1.   1.  10.  65.
  16.   0.   0.  48.  21.  13.  16.  14.   3.   5.  22.   6.   3.   5.
 136.  43.  10.   2.  53.  18.   2.   1. 136.  77.  65.   3.  90.  69.
   1.   0.  49. 127.   9.   1.  49. 136.  17.   1.   1.  10.   3.   7.
 136.  35.   0.   0.  29.  12.   0.   0. 136.  57.   0.   0.  25.   4.
   0.   0. 136.  86.   0.   0.   7.   4.  17.  12.  52.  55.   0.   0.
   1.   4.]
[ 21.  82.  18.   3.   0.   0.   2.   4.  16.  25.  17.   0.   0.  12.
   6.  19.   5.  13.   5.   0.  56. 133.   6.   4.   1.  17.  21.   9.
  70.  57.   0.   0.  18. 133.  61.   5.   0.   0.   0.   1.  16. 107.
 133.   0.   0.   2.   2.   3.  61. 133.  47.   4.  95.  32.   0.   1.
   5.   3.   2.   6. 133.  39.   0.   0.  30.  23.  13.   1.   0.  15.
  16.  19.  71.  26.  40.   8.   7.  17.  13.  24. 133.  33.   6.   9.
  90.   3.   1.  31.  12.   1.   0.  24. 133.   2.   0.   2.   7.   3.
   1.   0.   0.  95.  33.   4.  68.   6.   6.   8.   2.  17.  12.  20.
 133.   8.   2.  14.  89.   1.   0.  35.   9.   0.   0.  22. 133.   0.
   0.   3.]
[ 14.   4.   1.  15. 128.   0.   0.   5.  48.   7.   1.   0.   1.  16.
  33.  64.   4.  15.   4.   0.   3.  65.  32.   9.   2.  12.   5.   4.
  13.   7.   0.   0.  44.   1.   0.   7. 128.   3.   1.  11. 128.  35.
   6.   4.   8.  40.  42. 122.  24.  11.   9.  22. 128. 128.  43.  27.
   1.   2.  14.  12.  42.  22.   0.   0.  23.   7.   0.   4. 128.   5.
   2.   4. 128. 128. 103.  12.   4.   3.   1.   6.  13.  45. 128. 128.
 101.  26.   1.   2.   0.   1.  10.  57.  41.   6.   1.   0.   0.   1.
   0.   2.  93.  16.  18.   1.   0.  13.  30.   2.   1.   3.  53.   7.
   0.   5.  45.  14.   1.   3.  68.  17.   0.   0.   3.   9.   1.  11.
  73.  11.]
[  3.   7.   6.  20. 141.   2.   0.   1.  18.  28.  15.   4.   7.   7.
   9.  19.   0.   9.  30.  14.   6.  14.   5.   2.   0.  63.  32.  10.
   1.   0.   0.   0.  22.   2.   0.  12. 141.   2.   0.   7. 141.  21.
   6.   4.  15.  41.  32.  79.   7.   4.   9.  22.  76. 137.  22.  10.
   0.   5.  20.  10.  21.   8.   0.   0.  12.   7.   1.   8. 141.   3.
   1.   1.  77. 100.  83.  14.  13.   6.   7.   6.   5.  16.  99. 104.
  57.  27.  15.   2.   0.   0.   4.  18.  22.   7.   9.   0.   0.   0.
   0.   1. 141.  86.  64.   3.   0.   5.  12.   1.   3.   6. 141.  32.
   0.   1.  13.   7.   0.   9. 141.  31.   0.   0.   1.   1.  15.  71.
  91.   2.]
[  3.   2.   0.   0.   0.   5.   4.   6.  12.  59.   9.   0.   0.   6.
  24.  12.   5. 138.  83.   0.   0.   9.  14.   1.   2. 138.  91.   0.
   0.   0.   0.   1.  16.   0.   0.   0.   2.  20.  12.  18. 102.   7.
   1.   4.   5.  33.  88. 103.   7.  23.  11.  20.  65. 138.  73.  13.
  31.  98.  35.   1.  11.  10.   0.  42.  16.   1.   0.   0.   6.  29.
  29.   8. 132.  65.  41.  50.   8.   8.   8.  21.  18.  13.  31. 138.
  82.  24.   5.  36.  62.   0.   0.   8.  11.   2.   0. 138.   4.   0.
   0.   0.  19.  31.   7.   5.   4.  10.  18.  25.  27.  24.   3.   9.
  39.   1.  12.  34.   6.   3.   4. 138.  53.   0.   0.  12.   5.   0.
   0. 138.]
[  0.   6.  66.  99. 122.   0.   0.   0.   1.  61. 132.   7.   5.   1.
  11.   8.   0.  92. 132.   0.   0.   8.  15.   1.   2.  94. 132.   0.
   0.   1.   2.   2.  12.   1.   0.  19. 132.   0.   0.   5.  86.  13.
   8.   6.  11.  10.  75. 105.   6.   7.  23.  32.  26. 108. 130.  19.
   7.  18.  27.   5.   8.  28.  22.  27.  17.   6.   3.  53. 132.   0.
   0.   1. 107.  91.  73.  24.   8.   2.   5.  18.  11.  18.  97. 116.
  21.  18.   9.   5.  23.   5.   6.  14.   7.   5.   3.  20.   1.   2.
  15.  50.  27.   1.   0.   0.   7.  17.  25.   3.   1.   0.   0.   1.
  24.  10.  19.   4.   0.   0.   0.  13.  25.   9.   1.   0.   0.   0.
   5.  63.]
[  6.  13.   0.   1.  77. 121.   0.   0.  60. 111.   0.   0.  52.  82.
   0.   0.  88.  88.   2.   1.   0.   1.   3.  16.   4.   0.   0.   3.
   3.   4.  27.  18.  13.  87.  26.  20.  77.  32.   0.   0.  68.  16.
   1.   7. 121.  74.   3.  11. 121.  35.   9.  10.   5.   4.   3.  35.
  16.   4.  32. 120.   6.   3.   7.  12.  96.  74.  13.  14.  37.   7.
   1.   6.  27.   9.  26.  26. 106.  29.  20.  54.  84.  17.  85. 110.
   2.   2.   8.  65.   4.   4.  72. 121.   0.   1.   4.   2.  35.   9.
  38.  70.   9.   5.   4.  13.   5.  12. 121.  72.   6.   1.   0.   4.
  21.   7.  77.  64.   0.   0.   0.  16.  10.   1.   8.  11.   0.   2.
  17.  26.]
[  0.   0.   1.  13.  10.  22.  80.   4.   9.   1.   0.   1.   4.  10.
  97.  44.  93.   1.   0.   1.   1.   0.  22. 130.  53.   8.   3.   0.
   0.   0.  62. 130.  35.   8.  14.  29.  18.  14.  55.  19.  31.   5.
   3.  20.  73.  27.  59.  26. 130.  15.   3.   8.  12.   3.   6.  47.
 109.  45.  14.   0.   0.   0.   0.  26. 130.  13.   3.  17.  38.   7.
   4.  28.  59.   4.   0.   3.  94. 114.  11.  24. 130.  25.   0.   1.
  31.  28.   1.  16. 107.  12.   0.   0.   0.   0.   0.  36. 116.  39.
   0.   0.  43.  17.   0.   2.  69.  25.   1.   0.  93.  44.   1.   3.
 130.  46.   0.   0.  59.  23.   0.   0.  76.  26.   0.   0.   0.   0.
   0.   1.]
