115 128
[  2.   0.   0.   0.   8.  33.  16.  28.  57.   1.   1.   3.  21.  85.
  22.  77. 149.   4.   0.   0.   0.   1.  16. 149.  13.   2.   2.   2.
   3.   9.  76.  67.  11.   0.   0.   0.   2.  18.  16.  63.  84.   5.
   0.   0.  18.  98.  27.  40. 149.  51.   1.   0.   0.   4.   9.  77.
  44.  18.   7.   9.   6.   5.  18.  16.   4.   0.   0.   0.   0.   3.
  20.  80.  12.   0.   0.   0.   3.  25. 115. 149.  89.   4.   0.   0.
   0.   2.  53. 149.  14.   2.   1.   0.   0.   0.   3.  23.   0.   0.
   0.   0.   0.   0.  30. 149.   0.   0.   0.   0.   0.   1.  71. 149.
   0.   0.   0.   0.   0.   0.  19.  44.   0.   0.   0.   0.   0.   0.
   0.   1.]
[150. 107.   1.   2.   9.   2.   1.   2. 141. 150.  23.   1.   0.   1.
   2.  35.  14.  41.  26.   7.   9.   7.   5.  17.   2.   1.   0.   0.
   1.   1.   1.   1.  60.  71.   1.   0.   3.  12.  87.  29.  51. 150.
  77.   0.   0.   2.  34.  14. 149. 150.  49.   1.   0.   0.   1.   8.
  30.   7.   0.   0.   0.   0.   0.   2.  49.  16.   0.   0.   0.   1.
  46.  21.  61.  27.   2.   0.   0.   4.  74.  42. 150.  32.   1.   0.
   0.   0.   7.  69.  55.   1.   0.   0.   0.   0.   0.   8.  33.   8.
   0.   0.   0.   0.  13.  19.  89.  11.   0.   0.   0.   0.   1.   9.
 150.   8.   0.   0.   0.   0.   0.  19.  43.   1.   0.   0.   0.   0.
   0.  11.]
[  0.  11.  11.  20.  54.   9.   0.   0.   2.   3.   8.  20.  77.  30.
  12.   9.  77.  49.  13.   5.   1.   0.   3.  19. 143.  21.   0.   0.
   0.   0.   0.  20.   0.   0.   0.   2.  39.   9.   0.   0.   8.  10.
  12.  44. 143.  13.   0.   0. 143.  44.  16.  17.  21.   0.   0.  48.
 143.   4.   0.   0.   0.   0.   0. 123.   0.   0.   0.   1.   7.   0.
   0.   0.  20.   6.   1.  40. 139.   2.   0.   1. 143.  26.   1.  12.
  31.   0.   0.  34. 143.   4.   0.   0.   0.   0.   0.  76.   0.   0.
   0.   0.   0.   0.   0.   0.   9.   1.   1.   6.   2.   0.   0.   5.
 143.   6.   1.   3.   1.   0.   1. 143.  95.   2.   0.   0.   0.   0.
   4. 118.]
[  0.   0.   3. 125. 113.   4.   0.   0.   2.   0.   0. 124. 143.  11.
   1.   4.   3.   0.   0.   2.   5.   1.   0.   6.   0.   0.   0.   0.
   0.   0.   0.   0.   0.   0.   0.  55. 143.  16.   0.   0.  36.   1.
   0.  20. 143.  55.   1.  11. 143.   9.   0.   0.  14.   6.   1.  30.
   9.   1.   0.   0.   0.   0.   0.   1.   0.   0.   0. 107. 143.   4.
   0.   0.  20.   1.   0.  38. 143.  53.  15.  14. 143.  24.   0.   0.
   8.  12.  12.  38.  44.  15.   0.   0.   0.   0.   1.   3.   0.   0.
   0.  15. 143.  27.   0.   0.   1.   0.   1.  14.  89.  62.  13.   5.
  61.  32.  14.  14.   4.   5.  10.  16.  69.  21.   0.   0.   0.   9.
  11.  20.]
[  0.   0.   0.   1.   9.  34.  25.  13.  70.   0.   1.   5.  12.  40.
  25. 100. 150.   2.   0.   0.   0.   0.  13. 150.  15.   0.   0.   0.
   0.   3.  53.  77.   4.   0.   0.   0.   0.  23.  32.  54. 113.   6.
   0.   0.   0.  59.  54.  59. 150.  47.   0.   0.   0.   0.   7.  76.
  38.  12.   1.   2.   5.   7.  20.  15.   4.   0.   0.   0.   0.   4.
  21.  79.  21.   1.   0.   0.   0.  15.  83. 150. 128.   7.   0.   0.
   0.   0.  24. 150.  20.   3.   0.   0.   0.   0.   0.  18.   3.   0.
   0.   0.   0.   1.  11. 150.   1.   0.   0.   0.   0.   0.  41. 150.
   0.   0.   0.   0.   0.   0.  16.  75.   0.   0.   0.   0.   0.   0.
   0.   1.]
[ 38.   4.   3.   4.   1.   1.   1.  11. 148.   2.   2.   3.   0.   1.
   1.  85. 140.   0.   0.   0.   0.   0.   1.  72.   1.   0.   0.   0.
   0.   0.   2.  14.  48.   4.   2.   8.   7.   7.   5.  15. 148.  27.
   1.   3.   2.   1.   2.  82. 129.  18.   0.   0.   0.   1.  12.  87.
   1.   0.   0.   0.   0.   0.   5.   7.  20.   0.   0.   0.   3.  12.
  45.  52. 148. 124.   0.   0.   1.   3.  30.  62. 148. 134.   0.   0.
   0.   1.   3.  25.   2.   2.   0.   0.   0.   0.   1.   0.  11.   0.
   0.   0.   0.  11.  35.  44. 122.   7.   0.   0.   0.   0.  11. 122.
 142.  10.   0.   0.   0.   0.   0.  91.   1.   0.   0.   0.   0.   0.
   0.   0.]
[ 33.  19.   1.  10.  18.   2.   2.   5.   3.   8.  12.  81. 103.   9.
   1.   0.  16.  18.  14.  19.  92.  60.   0.   0.   0.   0.   0.   0.
 144. 122.   0.   0.  12.  34.  21.  42.  18.   0.   0.   0.  14.  17.
  11. 136. 144.   6.   1.   2. 106.  43.   5.  15.  66.  28.   1.   6.
   5.   0.   0.   0. 144. 122.   0.   0.   0.   3.  14.  32.  21.  11.
   6.   1.  10.   2.   3.  38.  51.  87.  40.  11. 114.   6.   1.   2.
  33.  31.  18.  39.  12.   0.   0.   0. 144. 105.   0.   2.   1.   4.
   1.   3.  10.   2.   3.   1.   2.   4.   2.   2.  37.  27.  10.   1.
  53.  11.   0.   0.  34.  14.   3.   4.  14.   3.   0.   0. 144.  62.
   0.   0.]
[ 16.  36.   0.   0.  20.  46.   0.   0.  26.  51.  15.   1.   7.  12.
   2.   0.   8.  19.  30.   6.   1.   4.   3.   2.  19.   9.   2.   1.
   0.   0.   1.   6.  72. 150.   0.   0.  24.  24.   0.   0.   8.  36.
  50.  24.  89.  43.   1.   1. 121.  56.  65.   9.   6.   4.   3.  32.
  37.   3.   1.   0.   0.  16.  23.  42. 138. 150.   1.   0.   5.   3.
   0.   0.  33. 107.   3.   3.  68. 101.   5.   4. 150.  31.   2.   1.
  11.  46.  14.  31.  95.  20.   0.   0.   4.  38.  13.  16.  91. 150.
   0.   0.   1.   0.   0.   0.  72. 150.   1.   0.   6.  17.   3.   0.
  66.  58.   6.   0.   4.  20.  19.  38.  63.  36.  26.   5.   5.   4.
   0.  11.]
[ 32.  17.   0.   1.  99.  25.   0.   0.  34.   4.   2.   6. 121.  80.
  17.  41. 126.   6.   1.   0.   1.   3.  11. 126.  17.   0.   0.   0.
  20.  24.  27.  44.  68.  46.   0.   4.  62.  16.   0.   0.  42.  18.
   3.  17. 126.  63.  16.  21. 126.  46.   1.   3.   3.   5.   9.  62.
  53.   3.   0.   0.  30.  49.   4.  12. 108.  95.   0.   1.  14.  11.
   2.   1.  21.  15.   0.   2.  39.  71.  96.  50. 126.  16.   0.   0.
   1.   4.  44. 126.  48.  13.   4.   6.  28.  14.   0.   6.  94. 126.
   2.   0.   0.   0.   0.   0.  15. 119.  12.   0.   0.   1.  10.  10.
  19.  88.  19.   0.   0.   0.   4.  16.   4.  39.  25.  12.   8.   0.
   0.   0.]
[ 53.   0.   0.   0.   2.   1.   0.  15. 213.   3.   0.   1.   2.   0.
   0.  19. 124.   4.   1.  18.  76.   0.   0.   2.   0.   0.   0.   2.
  12.   0.   0.   0.  69.   0.   0.   0.   2.   2.   1.  18. 213.  12.
   2.   2.   2.   0.   0.  14. 123.  12.   5.  34.  64.   0.   0.   0.
   0.   0.   0.   4.   8.   0.   0.   0.  69.   0.   0.   0.   3.   1.
   0.  21. 213.  39.   3.   1.   0.   0.   0.  19.  88.  33.  13.  17.
  16.   0.   0.   6.   0.   0.   0.   1.   2.   0.   0.   1.  57.   0.
   0.   0.   2.   0.   0.  28. 213.   4.   0.   0.   0.   0.   0.  39.
  77.   5.   1.   0.   0.   0.   1.  35.   0.   0.   0.   0.   0.   0.
   0.   2.]
[  9.  14.  13.  18.  41.  16.   7.  10. 150.  68.   9.   3.   0.   0.
   0.  19. 150.  21.   0.   0.   0.   0.   0.  27.  42.   7.   0.   0.
   0.   0.   0.   8.  33.  20.   8.  27. 150.  19.   0.   0. 150.  46.
   5.   5.  11.   1.   0.  65. 146.   4.   0.   0.   0.   0.   0. 113.
  30.   3.   0.   0.   0.   0.   2.  59.  34.  10.   1.  21.  67.   4.
   0.   4. 150.  59.   1.   6.  11.   0.   0.  73. 150.  12.   0.   0.
   0.   0.   1.  99.  12.   0.   0.   0.   0.   0.   3.  45.   5.   0.
   0.   0.   0.   0.   0.   4.  96.   1.   0.   0.   0.   0.   1. 146.
  37.   0.   0.   0.   0.   0.   6.  96.   2.   0.   0.   0.   0.   0.
   0.   3.]
[ 26.   1.   0.   3.  12.   0.   0.   6.  50.   7.   5.   9.   1.   0.
   1.   8. 152.   2.   2.   3.   0.   0.   0.  75. 122.   0.   0.   0.
   0.   0.   1.  46.  18.   0.   0.   1.   8.   2.   2.  27.  73.   5.
   2.  11.  12.  10.   6.  15. 152.  33.   1.   2.   1.   1.   1.  68.
 109.  20.   0.   0.   0.   1.   9.  73.   8.   0.   0.   0.   1.   7.
  25.  52.  30.   1.   0.   0.   4.  18.  63.  59. 152. 134.   0.   0.
   0.   2.  28.  53. 141. 138.   0.   0.   0.   0.   2.  14.   0.   0.
   0.   0.   0.  69.  60.  19.  18.   0.   0.   0.   0.   1.  32.  63.
 102.   9.   0.   0.   0.   0.  13. 110. 142.  14.   0.   0.   0.   0.
   0.  79.]
[  1.  11.  12.   7.   0.   0.   0.   0.  26.  18.   7.   0.   0.   0.
   0.   0. 163.  23.   0.   0.   0.   0.   0.   8. 163. 132.   0.   0.
   0.   0.   0.   1.   2.  23.  16.   4.   0.   0.   0.   0.  52.  23.
  21.   8.   0.   0.   0.   1. 163.  18.   2.   0.   0.   0.   0.   8.
 163.  92.   0.   0.   0.   0.   0.   1.   8.  24.   9.   5.   0.   0.
   0.   0.  92.  12.  12.  15.   0.   0.   0.   4. 163.  15.   0.   0.
   0.   0.   0.  13. 163.  61.   0.   0.   0.   0.   0.   0.   5.  17.
   8.   3.   0.   0.   0.   0. 103.   7.   5.   7.   0.   0.   0.   2.
 163.  18.   0.   0.   0.   0.   0.   3. 131.  43.   0.   0.   0.   0.
   0.   0.]
[ 25.  32.  12.   0.   0.   0.   3.   6.   4.   5.  12.   1.   2.   9.
  36.  30.   1.   1.   2.   1.   2.  22.  58.  18.   4.   6.  10.   2.
   2.   3.   4.  11.  76.  38.   6.   0.   0.   0.   0.  15. 136.  50.
  16.   8.   6.  22. 121. 136.  12.  10.  15.  51. 136. 136. 136.  51.
   5.   3.   4.   8.  47.  33.   6.   6.  80.  24.   1.   0.   1.   0.
   0.   4. 136. 136. 136.  29.   5.   4.   6.  27.  13.  54. 136. 136.
 101.  26.   6.   8.   4.  11.  11.  19.  28.  18.   4.   4.  40.   7.
   0.   0.   1.   1.   1.   7.   8.  14.  36.   2.   1.   2.  32.  17.
   9.  19.  41.   5.   0.   1.  29.  21.   8.  12.  10.   2.   0.   0.
   3.  14.]
[  1.   0.   1.   1.   3.  13.  38.   4.   1.   0.   1.   0.   0.   8.
  77.  20.   2.   0.   0.   0.   0.  16.  83.  26.   8.   0.   0.   0.
   2.   5.  31.  37.  35.   2.   0.   4.  40.  14.   4.  15. 136.  26.
   5.   5.   6.  28. 136. 136.  15.   8.   5.  22. 120. 136. 136.  49.
  14.   1.   2.   7.  34.  30.   5.  10.  38.   4.   0.   1.  25.  18.
  11.  24. 136. 136. 105.  26.   6.   8.  13.  58.  14.  49. 136. 136.
 136.  51.  12.  10.   2.   1.   2.  23.  59.  14.   1.   1.   9.   2.
   1.   1.   3.  11.  10.  11.   8.  18.  33.  18.   4.   5.   4.   8.
   6.   8.  51.  29.   5.   5.   4.   3.   7.   1.   1.   3.   8.  13.
   3.   6.]
[  1.   0.   0.   1.   6.  15.  75.  31.  15.  29.  11.  25. 124.  72.
  13.   2. 147.  90.   6.   6.  22.   5.   1.   5.  22.   2.   0.   0.
   4.  12.  10.  10.   0.   0.   0.   3.  33.  33.  82.   5.  29.  15.
   6. 109. 147.  85.  12.   5. 147.  55.   6.  31.  33.   9.   4.  26.
  62.   2.   0.   0.   7.   8.   3.  13.   0.   0.   5.   6.  20.  44.
  53.   4.  13.   2.   2.  14. 147. 147.  56.  25. 147.   4.   0.   3.
  15.  67.  73. 147.  40.   0.   0.   0.   8.   3.   1.  19.   0.   0.
  28.  44.   4.   2.   2.   0.   0.   0.  20.  41.  25.  49.  15.   2.
   6.   0.   0.   3.   4.  21.  36.  32.   6.   0.   0.   0.   6.   1.
   0.   7.]
[ 23.   0.   0.   5.   1.   0.   0.  11.   1.   7.  27.  47.   3.   0.
   0.   0.  21.  39.  28.   9.   0.   0.  10.   9.   7.   1.   0.   0.
   0.   1.  38.  14.  13.   2.   3.  41.  19.   0.   0.   3.  16.  32.
  59. 141. 103.   1.   1.   6. 141. 141.  63.  50.   7.   1.   8.  28.
  56.  20.   4.   0.   0.   3.  53.  13.   3.   4.   7.  72.  80.   0.
   0.   0.  43.   4.   3. 141. 141.  11.  25. 104. 141.  43.   8.   9.
   9.   3.  16. 141.  44.  61.  39.   0.   0.   0.   1.   3.   0.   2.
   8.  24.  85.  14.   0.   0. 101.   8.   1.  15.  88.  37.  11.  63.
  73.  47.  31.   0.   0.   0.   2.  53.   2.  42.  58.   0.   0.   0.
   0.   0.]
[  0.   1.   5.  40. 161.  25.   1.   1.   1.  19.  64.  39.  69.  10.
  12.   5.  13.  19.  79.  18.   8.   2.   1.   4.   5.   2.   4.   3.
   0.   0.   0.   4.   0.   2.  26. 161. 161.  21.   2.   0.   8.  21.
 161. 121.  73.  14.  19.   6. 161.  55.  76.  33.   9.   2.   4.  20.
  35.   2.   1.   0.   0.   0.   0.   9.   0.   0.   3. 103. 161.  13.
   5.   0.   9.   5.  36.  23.  30.  27.  84.  16. 161.  23.  10.   1.
   0.   1.  29.  50.  23.   4.   0.   0.   0.   0.   0.   1.   0.   0.
   0.   0.   0.   0.   0.   0.   0.   0.   0.   0.   0.   0.   1.   0.
   4.   1.   0.   0.   0.   0.   1.   2.   1.   0.   0.   0.   0.   0.
   0.   0.]
[  0.   0.   0.   0.   0.   0.   0.   0.   2.  96. 138.  11.   5.   0.
   0.   0.  24. 158. 158.  15.   1.   0.   0.   2.   3.  76. 158.  16.
   0.   0.   0.   0.   0.   0.   0.   0.   1.   1.   0.   0.  31.  17.
  20.  35.  76.  18.  10.   6. 158. 124.  69.  17.  20.   5.   8.  34.
  55.  64. 105.  10.  14.   4.   1.  24.   0.   0.   0.   0.   1.   3.
   6.   1.  10.   0.   0.   3.  28.  67. 158.  18.  94.  31.   9.   3.
   4.  33. 150.  50.  79.  16.   8.   3.   2.   3.   9.  30.   0.   0.
   0.   0.   0.   0.   1.   0.   0.   0.   0.   0.   0.   4.  22.   2.
   2.   0.   0.   0.   1.  17.  34.   3.   9.   3.   0.   0.   0.   3.
   4.   4.]
[  0.   0.   0.  83. 127.   0.   0.   1.   4.   0.   0.  40.  86.  18.
  61.  41. 131.   1.   0.   0.   1.   4.  62. 133. 112.  13.   5.   0.
   0.   0.   0.  35.  13.   6.   1.  83. 133.   0.   0.   1. 133.  15.
   2.  20.  31.   1.  47. 112.  54.   2.   2.   4.   2.   5. 105. 133.
  26.  13.  17.   2.   0.   0.   2.  21.  21.   3.   1.  21. 133.  41.
   4.   8. 133.  38.   5.   5.  23.  13.   6.  35.  57.  28.  29.  18.
   3.   3.   8.   9.   0.  12.  23.   6.   0.   0.   0.   0.   3.   0.
   0.   2.  81.  79.  10.   9. 115.  15.   1.   0.   6.  23.  15.  49.
  32.  25.  21.   1.   0.   0.   0.   1.   0.  11.  20.   1.   0.   0.
   0.   0.]
[  2.   0.   0.   2.  12.  14.  31.   9.   8.  34.  26.  37.  45.   7.
   2.   0.  60.  65.  10.   3.   1.   0.   2.   6.   5.   1.   0.   0.
   0.   2.  13.   3.   0.   0.   0.   1.  32.  35.  35.   6.  28.  40.
  15.  42. 143.  53.   4.   2. 143. 117.  10.  11.  20.   1.   1.   7.
  28.   3.   0.   0.   0.   0.  13.   6.   1.   1.  26.  85.  43.  12.
  14.   6.  47.   4.  32. 132. 143.  31.   4.  15. 143.   9.   1.   4.
  28.   6.   2.  72.  35.   0.   0.   0.   0.   0.   8.  21.   0.   0.
  19. 127. 143.  10.   1.   0. 103.  21.  64. 117.  35.   2.   0.  33.
 143.   3.   1.   2.   1.   0.   0.  97.  13.   0.   0.   0.   0.   0.
   3.  20.]
[  0.   0.   4.  18.   8.   0.   0.   0.   1.   0.   0. 111. 139.   1.
   1.   1.  21.   1.   1.  54. 117.  21.  61.  89. 139.   7.   1.   1.
   1.   1.  26. 139.   0.   0.   9.  20.  29.   0.   0.   0.  25.   4.
   2.  94. 139.   6.   0.   4. 139.  18.   3.  22.  49.   3.  39. 134.
  45.  10.  11.   4.   0.   1.  36. 102.   0.   1.  13.   6.  29.   3.
   0.   0.  21.   1.   1.  11. 139. 100.  10.  13. 139.  40.   4.   2.
  27.  33.  14.  48.  31.  32.  34.   6.   0.   0.   1.   2.   0.   2.
  11.   4.   6.   1.   0.   0.   1.   0.   1.   6.  63.  61.  12.   5.
  49.   8.   2.   0.   7.  27.  23.  38.  11.  16.  34.   7.   1.   0.
   0.   1.]
[ 78.  43.   5.  19.  25.   1.   0.   3. 181.  34.   0.   0.   0.   0.
   0.  53. 168.   5.   9.  35.  11.   3.   2.  45.   3.   1.   4.  48.
  44.  10.   1.   2. 108.   4.   0.   3.  21.  33.  26.  42. 181.  13.
   4.   3.   0.   0.   1.  69. 122.  14.  30. 117.  10.   0.   0.  11.
  19.   9.  17.  53.   3.   0.   0.   1.  51.   0.   0.   0.  13.  39.
  35.  64. 181.  60.  13.   4.   0.   0.   3.  71.  65.  44.  35.  55.
   8.   0.   0.   3.  32.   5.   6.  14.   1.   0.   0.   4.   8.   4.
   3.   1.   4.  15.  51.  81.  96.  20.   2.   0.   0.   0.   4.  77.
  66.  15.   6.   2.   0.   0.   0.  21.  11.   2.   9.  15.   0.   0.
   0.   3.]
[  0.   0.   1.   7.   5.  28.  21.   0.   0.   4.  20.  21.   5.  19.
  13.   0.   0.  20.  30.   8.   3.   3.   1.   0.   5.  44.  18.   1.
   0.   1.   0.   0.   0.   0.  14. 133.  21.   9.   7.   0.   4.  23.
 133. 133.  25.  12.   3.   1.  81. 113.  75.  11.   2.   5.   5.   9.
  36.  18.   2.   1.   1.  27.  19.  11.   0.   0.  52. 133.  62.   6.
   0.   0.  14.  29.  99.  63.  45.  42.  14.  12. 133.  47.  11.   2.
   1.   7.  13.  87.  70.   2.   0.   0.   1.  48.  29.  44.   4.   9.
  93. 133.  63.   2.   0.   0.  75.  86. 131.  17.   0.   0.   0.  18.
 133.  53.   6.   0.   0.   0.   1.  57.  70.   0.   0.   0.  14.  22.
   6.  29.]
[117. 123.  11.   0.   0.   5.  17.  30. 122. 123.  41.   3.   0.   0.
   0.   6.  36. 123.  18.   5.   2.   0.   0.   0.   3.  13.   6.  30.
  16.   0.   0.   0.  67.   1.   0.   0.   0.  48. 123.  96.  98.  39.
  38.  35.  13.  18.  23.  49. 123. 123.  26.  12.   2.   1.   4.  25.
  26.  23.   6.  27.   9.   0.   0.   2.   1.   0.   1.   2.   2. 118.
 123.  18.   6.   1.   1.   8.  14. 123. 123.  35.  77.  10.   2.   5.
   4.  10.  78. 108.  24.   7.   3.   5.   1.   0.   0.  22.   0.   0.
  18.  31.  10.  31.  22.   0.   0.   0.   3.  58.  23.  46.  44.   1.
   4.   1.   1.  24.   9.   9.  30.  21.  13.   1.   0.   0.   0.   0.
   3.  45.]
[  4.   1.   4.   1.   0.   0.   8.  38.  14.   5.  31.  21.   1.   0.
   0.  21.   8.  11.  83.  73.  13.  13.  25.   9.   8.  55. 127.  23.
   5.  34.  75.  19.   1.   2.  21.  27.  11.  15.   7.   3.  10.  22.
 106. 108.  28.  34.  11.   4. 127.  68.  49.  25.   7.  14.  47.  55.
  81.   4.   5.   3.   2.  36. 127. 124.   1.   0.   0.   4.   6.  36.
  83.  11.   8.   4.   4.  15.  21. 123. 127.  26. 127.  12.   2.   2.
   1.  18. 127. 127. 127.  12.   1.   0.   0.   0.   5.  58.   8.   0.
   0.   0.   0.   0.  14.  14.  10.   0.   0.   0.   0.   4.  54.  23.
  12.   0.   0.   0.   0.   1.  54.  58.  37.   9.   1.   0.   0.   0.
   2.  25.]
[121.  88.  24.  40. 117.  23.   3.  19. 113. 121. 121.  15.   0.   0.
   0.   6.   3.  41. 121.  36.   1.   0.   0.   0.   2.  19.  19.   3.
   0.   0.   0.   0.  58.  21.   9.   7.  78.  90.  20.  18.  46.  53.
 121.  98.  37.  19.   6.   9. 121. 121. 121.  25.   3.   2.   1.  10.
  39.  51.  13.   0.   0.   0.   0.   0.   0.  10.  19.   7.  24.  41.
   6.   1.  11.   4.  11.  25.  81. 121.  28.  23. 121.  33.   8.   4.
   4.  21.  23.  83.  52.  30.  13.   0.   0.   0.   0.   1.   1.  43.
  15.   1.   2.   1.   0.   0.   2.   8.   4.   2.  18.  32.   8.   6.
  68.  11.   0.   0.   1.   9.   9.  26.  22.  22.   8.   0.   0.   0.
   0.   0.]
[  0.  37.  35.   4.   0.   0.   0.   0.   0.  24.  83.  11.  21.  13.
   0.   0.   1.  21.  30.   8.  46. 119.  24.   0.   0.  55.  52.   2.
   3.  85.  58.   0.   0.  18.  56.  55.  28.   6.   0.   0.  12.  68.
 132. 109.  60.  41.   5.   4. 132. 132. 104.   5.   3.  31.  27.  27.
  35.   6.   1.   6.  13. 104.  96.  17.   0.  29.  19.   8.  24.  20.
   0.   0.  17.  13.  14.  17.  53. 132.  63.  19. 132. 113.  16.   3.
   2.  31.  55.  73.  56.  66.  39.  69.  58.  16.   7.  11.   0.  37.
  15.   0.   0.   0.   0.   0.   0.  26.  13.   0.   0.  16.  13.   1.
  24.  49.  11.   0.   0.   7.  18.   8.  27.  77.  22.  12.  19.  14.
   1.   1.]
[  1.  47. 121.  22.   6.   7.   0.   0.  23.  71.  35.   0.   6.  75.
  35.   5.   4.   7.   7.   0.   1. 121. 105.   3.   0.  36.  32.   0.
   0.  79.  55.   0.  40.  56.  86.  42.  47.  80.  26.  17. 121. 121.
  26.   2.   1.   8.  20.  55.  38.  11.  10.  37.  44.  63.  45.  20.
   0.   2.  48.  29.  13.  83.  39.   0.  14.   5.   2.   0.   5.  85.
  55.  17. 121. 117.  18.   2.   1.   9.  30.  37.  27.  82.  52.  80.
  66.  15.   1.   2.   0.   8. 108.  71.  79.  37.   0.   0.   0.  20.
  10.   0.   0.   2.   3.   0.  13.  36.   9.   0.   0.   1.   4.   2.
  25.  77.  18.   4.  13.  14.   0.   0.   1.   8.  15.  13.  91.  93.
   2.   0.]
[ 80.  40.   2.   0.   0.   0.   0.  12. 136.  31.   0.   0.   0.   0.
   0.  23. 124.   0.   0.   0.   0.   0.   1.  57. 145.   5.   0.   0.
   0.   0.   0.  12.  44.  44.   7.   3.   3.   2.  16.  46. 145.  45.
   2.   2.   2.   1.   3.  62. 105.   3.   0.   0.   0.   2.  14.  89.
 145.   9.   0.   0.   0.   0.   1.   9.  36.  44.  56.  13.   4.   2.
   5.  17. 145.  66.   9.   4.   2.   0.   1.  18. 125.  41.   1.   1.
   1.   2.   2.  19. 145.  10.   0.   0.   0.   0.   0.   4.  34.  10.
   5.   3.   3.   8.  31.  36. 145.  29.   2.   0.   0.   1.   4.  68.
  86.  23.   8.   1.   0.   0.   0.  37.  98.  11.   1.   0.   0.   0.
   0.   1.]
[ 82.   0.   0.   0.   0.   0.   0.  26.  58.  11.  18.   5.   1.   3.
  13.  75.  24.  45.  54.  25.  35.   7.  49.  71. 105.   3.   5.  34.
  90.   4.   5.  19. 101.   3.   1.   2.   2.   0.   0.  18.  43.  27.
  73. 109.  36.   1.   0.  10.  93. 120.  92.  65.  24.   0.   0.   3.
 120.  14.   9.  43.  49.   0.   0.  10.  94.   0.   0.   1.   8.   4.
   1.   9.  27.   3.   4.  33. 114.  72.  21.  27. 120.  18.   5.  17.
  41.  20.  19.  94. 120.   3.   3.  14.  38.   2.   1.  53.  85.   2.
   0.   0.   0.   2.   1.  10.  26.   1.   0.   0.   7.  39.  52.  40.
  11.   0.   0.   0.  48.  26.  45.  76. 120.   3.   0.   0.  32.   9.
   5.  83.]
[ 42.  26.   0.   0.   0.   0.   4.   3.  34.  45.   0.   0.   0.   0.
   0.   2. 132.  19.   1.   0.   0.   0.   0. 108. 132.   3.   0.   0.
   0.   0.   0. 132.   8.  18.   0.   0.   0.  31.  50.   3.  60.  66.
   2.   0.   0.   9.  16.  11. 132.  58.   1.   0.   0.   0.   1. 132.
 127.  58.  11.   0.   0.   0.   0.  66.   0.   0.   0.   0.   0.  68.
  63.   0.  33.   5.   0.   0.   0.  23.  84.  55. 132. 132.  13.   0.
   0.   0.   8.  57.  21. 132. 124.   3.   0.   0.   0.   1.   0.   0.
   0.   0.   0.  68.  61.   1.   1.   0.   0.   0.   0.   9.  97.  40.
  11.   8.   3.   1.   1.   6.  32.  35.   2.  25.  52.  22.  17.   9.
   2.   0.]
[  2.   5.   6.   3.   3.   1.   0.   2.  70.   1.   0.   5.  34.   6.
   0.   2. 207.   8.   0.   0.   2.   0.   0.   5. 112.  26.   1.   0.
   0.   0.   0.   0.   3.   2.   5.   8.   3.   1.   1.   4. 101.   3.
   2.  28.  31.   2.   0.   5. 207.   7.   0.   1.   1.   0.   0.  21.
 101.  35.  11.   0.   0.   0.   2.   6.   0.   1.   2.   5.   7.   8.
   8.   1. 109.   6.   0.   8.  35.  14.   1.   3. 207.  26.   0.   0.
   1.   0.   0.  13. 104.   4.   1.   0.   0.   0.   6.  31.   1.   5.
  13.   7.   5.   1.   1.   0.  75.   5.   3.  11.  32.   2.   0.   0.
 207.  17.   0.   0.   1.   0.   0.   0. 118.   3.   0.   0.   0.   0.
   0.   4.]
[  0.   6.   8.   1.   0.   0.   0.   0.  70.   6.   6.  10.   3.   0.
   0.   0. 179.  18.   0.   1.   0.   0.   0.   0.  79.  14.   0.   0.
   0.   0.   0.   0.   0.   1.   5.   1.   0.   1.   8.   1.  89.   6.
   5.   5.   3.   7.   5.   2. 179.  21.   0.   0.   0.   0.   0.   1.
 107.  14.   0.   0.   0.   0.   0.   0.   0.   3.  41.   1.   0.   1.
  22.   2.  66.  14.  32.   6.   3.  17.  13.   6. 179.  92.   7.   1.
   0.   1.   0.   3.  77.  55.  40.   0.   0.   0.   0.   0.   0.   8.
 106.   3.   0.   0.  11.   1.  16.  47.  91.   5.   1.   0.   5.   7.
  99. 179.  42.   1.   0.   0.   0.   4.  10.  93. 179.   1.   0.   0.
   0.   1.]
[ 11.   2.   6.   5.   1.   0.   1.  17.  23.   2.   1.  17.   1.   0.
   0.  32.   3.   0.   1.  69.   8.   1.   3.  41.   0.   0.   0.  22.
   3.   0.  28. 160.  16.   0.   1.   5.   3.   1.   3.  54.  19.   1.
   3.  85.  31.   3.   0.  25. 147.  18.   4.  50.   5.   1.   5. 160.
  58.  13.   0.   1.   0.   0.  19. 160.  17.   7.  18.  12.   3.   0.
   1.  16.  16.   3.   4.  25.  38.  39.   5.   5. 160. 160.   0.   3.
   6.  20.   3.  35. 120. 160.   0.   0.   0.   0.   0.  27.  20.   7.
   6.   1.   0.   2.   5.  19.   2.   1.   1.   3.  15.  24.  11.   9.
  16.  69.   0.   1.   6.  24.  14.   4.  48. 160.   0.   0.   0.   4.
   1.   1.]
[ 30.   2.   1.  28.  30.   0.   0.   3. 161.  10.   0.   1.   2.   0.
   0.  38. 161.  14.   0.   0.   0.   0.   0.  26.  27.  12.   5.   3.
   2.   1.   4.  15.  50.   2.   0.   5.  42.  16.   1.  14. 161.  12.
   0.   0.   1.   0.   0. 109. 155.  15.   0.   0.   0.   0.   0.  96.
  19.  14.   7.   4.   1.   1.   8.  22.  60.   7.   0.   8.  51.   5.
   0.   4. 161.  70.   0.   0.   1.   0.   0.  22. 161.  46.   0.   0.
   0.   0.   0.  25.  32.   1.   0.   0.   0.   0.   5.  23.  50.   0.
   0.   5.  39.   0.   0.   5. 161.   6.   0.   0.   0.   0.   0.  29.
 161.   4.   0.   0.   0.   0.   0.  19.  38.   0.   0.   0.   0.   0.
   0.   5.]
[  0.   0.   0.   0.   1.   2.  52.  39.   1.   0.   1.  25.  55.  13.
  26.  15.   7.   0.   9.  53.  23.   5.  64.  96.   0.   0.   5.  17.
   2.   4. 132. 112.   0.   0.   0.  13.  18.  16.  31.  10.  33.  10.
   5.  96.  90.  29.  19.  15. 132.  27.   3.  13.  12.   3.  42. 132.
  48.  12.   0.   0.   1.   9. 114. 108.   0.   0.   0.   2.   9.  40.
 107.   7.  14.   2.   1.  12.  27.  83. 132.  53. 132.  15.   0.   1.
   1.   5. 107. 132.  58.  24.   6.   0.   0.   0.   1.  18.   0.   0.
   0.   0.   0.   1.  60.  29.   0.   0.   0.   0.   0.   1.  87.  54.
   2.   0.   0.   0.   0.   0.  48.  80.   4.   3.   1.   0.   0.   0.
  33.  47.]
[  2.   2.   9.   3.   0.   0.   1.   7.   6.   4.   3.   1.   1.   0.
   7.  12.   0.   0.   1.   9.   4.   1.  46.  15.   0.   0.   0.   4.
   5.   2.  81.  21.  15.   1.   1.   2.   1.   1.   1.  11.  70.   1.
   1.   1.   0.   0.  33. 115.  15.   0.   0.   0.   0.   0. 135. 135.
   0.   0.   0.   1.   5.  17. 135.  56.  19.   8.   1.   1.   1.   2.
   1.   4. 135.  43.   0.   0.   0.   1.   2.  31. 135.  19.   0.   0.
   0.   0.  49. 135.  23.   0.   0.   0.  12. 107. 135.  98.  15.   8.
   0.   0.   0.   0.   0.   1. 135.  55.   0.   0.   0.   0.   0.   0.
 135. 105.   1.   0.   0.   0.   2.  31.  99.  60.  27.  34.  45.  39.
  24.  39.]
[  4.   0.   0.   0.   8.  11.   1.   3. 130.   0.   0.   0.   1.   2.
   1.  64. 130.   3.   0.   0.   0.   3.  20. 113.  56.  12.   2.   1.
   2.  15. 113. 130.  13.   5.   2.   3.   3.   3.   1.   4. 130.  40.
   4.   0.   0.   1.   1.  41. 130. 111.  36.   0.   0.   0.   0.  31.
  78. 130. 130.   7.   3.   4.  12.  28.  11.  12.   2.   2.   2.   0.
   0.   0.  50. 118.  40.   0.   1.   1.   1.   1.  10. 130. 130.   0.
   0.   0.   0.   0.   0. 100. 130.   1.   0.   0.   0.   0.   2.  13.
   6.   2.   1.   0.   0.   0.   2.  17.   9.   2.   1.   1.   2.   1.
   0.  16.  39.   3.   0.   0.   1.   0.   0.  20.  54.   0.   0.   0.
   0.   0.]
[  7.  28.  10.   0.   0.   0.   0.   0. 153.  12.   4.   0.   0.   0.
   0.  47. 153.  11.   1.   0.   0.   0.   0.  41.   5.  10.  12.   4.
   1.   0.   0.   0.  23.  45.  19.   0.   0.   0.   0.   1. 153.  55.
   4.   0.   0.   0.   0.  56. 153.  63.  23.   0.   0.   0.   0.  24.
   2.  19.  27.   9.   5.   0.   0.   0.  16.  30.  16.   0.   0.   7.
  37.  12. 153. 153.  19.   0.   0.   0.   5.  31.  43. 153. 153.   0.
   0.   0.   0.   2.   0.  55. 153.  23.   3.   0.   0.   0.   2.   0.
   0.   0.   0.   5.  52.  33.  42.  11.   1.   0.   0.   0.  10.  83.
  20.  31.  33.   5.   1.   1.   2.   8.   0.   8.  74.  35.  17.   4.
   0.   0.]
[ 14.   0.   0.   0.   0.   0.   0.   3. 104.   0.   0.   0.   0.   0.
   0.  29. 181.   0.   0.   0.   0.   0.   0. 124.  45.   0.   0.   0.
   0.   0.   0.  29.  17.   0.   0.   0.   0.   0.   0.   2. 181.   7.
   0.   0.   0.   0.   0.  11. 181.  24.   0.   0.   0.   0.   0.  31.
  47.   2.   0.   0.   0.   0.   0.   4.  17.   0.   0.   0.   0.   0.
   0.   1. 181.   4.   0.   0.   0.   0.   0.   8. 181.  19.   0.   0.
   0.   0.   0.  20.  47.   7.   5.   0.   0.   0.   0.   2.  12.   0.
   0.   0.   0.   0.   0.   1. 157.   4.   0.   0.   0.   0.   0.   4.
 181.  35.   1.   0.   0.   0.   0.  10.  25.  15.  27.   5.   2.   1.
   0.   1.]
[  0.   2.  12.   4.   0.   0.   2.   1.   8.   5.   5.   0.   0.   0.
  16.  22.   0.   0.   0.   0.   0.   0.  87.  32.   0.   0.   0.   0.
   0.   0. 109.  28.  13.  15.  47.  42.  14.   0.   0.   0. 157.  34.
  19.   2.   0.   0.  27. 109.  40.   0.   0.   0.   0.   0. 157. 150.
   1.   0.   0.   0.   0.   0. 157.  77.  36.   6.   6.  17.  67.  10.
   1.   4. 157.  36.   3.   1.   1.   1.   2.  24. 149.  35.   0.   0.
   0.   0.  19.  35.  20.   8.   0.   0.   0.   0.  16.  15.  18.   6.
   1.   5.  59.   7.   1.   2. 157.  80.   1.   1.   1.   1.   0.   2.
 128.  71.   2.   0.   0.   0.   0.   0.  33.  16.   0.   0.   0.   0.
   0.   0.]
[  0.   0.  20.  19.   2.   0.   0.   0.   8.  11.  55.   7.   0.   0.
   0.   1.  35.  12.   7.   0.   0.   0.  37.  69.   0.   0.   0.   0.
   0.   0. 145.  38.   0.   0.  18.  54.  56.   0.   0.   0.  85.  31.
  70.  32.   7.   0.   0.   4. 176.  22.   6.   0.   0.   0.  32. 143.
  27.   1.   1.   0.   0.   1. 160.  72.   0.   0.   0.   6. 116.  10.
   0.   0. 137.   4.   3.   7.  23.   9.   6.  18. 176.  21.   1.   1.
   0.   0.   1.  21.  70.  16.   6.   6.   0.   0.   5.   7.   0.   0.
   0.   3.  84.   6.   0.   0.  86.  13.   3.   3.  14.   5.   3.   7.
 176.  47.   0.   1.   0.   0.   0.   2.  61.  21.   2.  10.   2.   0.
   0.   0.]
[  0.   0.   0.   1.   0.   0.  24.   9.   2.   2.   7.   6.   0.   0.
  31.   5.   8.   3.   3.   0.   0.   0.  57.  29.   0.   0.   0.   0.
   0.   0. 115.  18.   1.   0.   0.   5.  10.   0.   0.   4.  40.  13.
  20.  41.  40.   0.   0.   3. 151.  17.   9.   3.   1.   0.  50. 151.
  22.   0.   0.   0.   0.   0. 151. 105.   1.   3.   4.   6.  20.   0.
   0.   0.  71.  14.   4.  22.  98.   0.   0.   1. 151.  93.   2.   2.
   4.   0.   1.  28.  92.  50.   6.   0.   0.   0.  17.  25.   1.   1.
   1.   4.  21.   0.   0.   1.  18.  24.   3.  27. 105.   2.   0.   0.
 133. 151.  24.   5.   7.   1.   0.   3.  19. 151. 133.   1.   0.   0.
   0.   1.]
[ 23.   1.   0.   0.   0.   0.   4.  37.  12.   0.   0.   0.   0.   8.
 117.  62.   0.   0.   0.   1.   1.  45. 122.   2.   0.   0.   0.   1.
  21.  76.  49.   0. 122.   1.   0.   0.   0.   0.   0.  28. 122.  10.
   3.   3.   4.  23.  78. 122.   5.   2.   3.  15.  44. 122. 103.  16.
   0.   0.   0.   2. 122.  70.  18.   0. 122.  22.   0.   0.   0.   0.
   0.   3. 122.  97.  48.  23.   4.   4.   3.  15.   6.  14.  63. 107.
  53.  25.   4.   3.   0.   0.   4.  23. 122.   8.   0.   0.  99.  18.
   0.   0.   0.   0.   0.   0. 118.  27.   9.   4.   0.   1.   0.   0.
   2.   3.  11.  13.  16.   4.   4.   0.   0.   0.   1.  10. 122.   1.
   0.   0.]
[  6.   4.   8.  31.  17.   0.   0.   0. 145.   7.   4.   1.   0.   0.
   0.  66. 145.   4.   3.   6.   0.   0.   0.  62.  37.   4.   2.   3.
   0.   0.   0.   6.  29.   6.   9.  39.  13.   0.   0.   1. 145.  32.
   5.   1.   0.   0.   0.  46. 145.  48.  21.   3.   0.   0.   0.  19.
  63.   8.   2.   1.   0.   0.   0.  16.  29.   8.   2.  20.   8.   1.
   4.   3. 145. 145.  28.   0.   0.   0.   1.   6.  45. 145.  86.   0.
   0.   0.   0.   1.  40. 145.  24.   0.   0.   0.   0.   2.   3.   1.
   0.   1.   2.   2.  33.  22.  17.  41.   9.   0.   0.   0.  29.  33.
   7. 145.  34.   0.   0.   0.  14.   8.   2. 145.  84.   0.   0.   0.
   2.   1.]
[  2.  43.  22.   4.   7.  15.   2.   1.  15.  83.  45.   1.   0.   1.
   4.  16.   3.  10.  46.   3.   0.   0.  32.  41.   1.   2.  14.   2.
   0.   0.  56.  91.   8.   3.   1.   1.   8. 105.  23.  13. 113.  15.
   1.   0.   1.  16.  48. 136.  18.   2.   1.   0.   0.   0. 136. 136.
   0.   0.   0.   0.   0.   0. 135. 136.  12.   0.   1.   4.  25.  46.
   5.   6. 136.  53.   0.   0.   5.  15.   9.  68. 130.  33.   0.   0.
   0.   0.  49.  61.   1.   0.   0.   0.   0.   0.  21.  20.   2.   0.
   0.   1.   8.  12.   2.   1. 136.  84.   0.   0.   4.  11.   1.   2.
 136. 125.   0.   0.   0.   0.   0.   0.   4.   9.   3.   0.   0.   0.
   0.   0.]
[  1.  16.  88.  21.   0.   0.   0.   0.  10.   6.  37.  32.   0.   0.
   0.  33.  53.   1.   5.   5.   0.   0.   1. 143.  41.   0.   0.   0.
   0.   0.   0. 143.  21.  22.  55.   5.   2.  13.  20.   5. 143.  31.
  14.   1.   0.   1.   6. 143.  53.  10.   0.   0.   0.   0.  10. 143.
  12.   0.   0.   0.   0.   0.   0.  61.  13.   1.   0.   0.   1.  43.
  84.   9. 143. 143.   0.   0.   0.  19.  19.  30.  79. 143.   2.   0.
   0.   0.   1.  30.   2.  37.   5.   0.   0.   0.   0.   3.   0.   0.
   0.   3.   6.  14.   9.   1.  13.  43.   0.   0.   3.  27.  11.   2.
  15. 143.  20.   0.   0.   4.   3.   1.   0. 143.  61.   1.   0.   0.
   0.   0.]
[ 10.   4.   1.  25.  39.   0.   0.   0. 156.  37.   1.   4.   3.   0.
   0.   5. 156.  16.   0.   0.   0.   0.   0.   3.   3.   0.   0.   0.
   0.   0.   0.   0.  18.  13.  19.  71.  24.   0.   0.   0. 156.  82.
  11.   6.   1.   0.   0.  30. 155.  55.  52.   0.   0.   0.   0.  16.
   2.   5.  60.   4.   0.   0.   0.   0.   9.  22.  33.  67.   4.   2.
  13.  13.  98. 156.  54.   2.   0.   0.  18.  25.  20. 156. 156.   0.
   0.   0.   6.   4.   0.  26. 156.  16.   0.   0.   1.   0.   5.   0.
   0.   2.   2.   3.  28.  70.   6.  10.   4.   0.   1.   4.  59.  58.
   2.  19.  33.   0.   1.   5.  34.   9.   3.   6.  46.   2.   0.   0.
  15.   8.]
[  0. 142. 142.  50.   2.   0.   0.   0.   5.  15.  77. 142.  71.   0.
   0.   3.  28.   4.   5. 113.  33.   0.   1.  16.  11.  11.   5.   1.
   0.   0.   0.   4.   6.  91. 142.  66.  51.  14.   0.   1. 122.  30.
 142. 142.   6.   0.   1.  31.  45.   3.   2.   9.   1.   3.  13.  42.
   4.   1.   0.   4.   1.   1.   3.   9.  13.   1.   4.  17. 142.  50.
   4.   7. 142.  56.   3.   3.   8.   7.   4.  23.  52.  63.   5.   3.
   2.   3.   4.   4.   0.   1.   1.  20.   6.   1.   1.   1.   1.   0.
   0.  18.  70.  41.  14.   5.  46.  22.   0.   0.   2.  10.  13.  29.
  67.  40.   2.   2.   0.   0.   0.  18.   3.   2.   2.  51.  19.   0.
   0.   0.]
[  0. 140. 140.  25.   1.   0.   0.   0.   2.  27. 140. 140.  25.   0.
   0.   1.  16.   4.   9. 140.  31.   0.   0.   7.  14.  12.   4.   3.
   1.   0.   0.   3.   6.  65. 140.  43.  68.  15.   0.   1. 106.  40.
 140.  88.   3.   1.   0.  21.  36.   4.   5.  13.   0.   1.   9.  37.
   5.   1.   1.   8.   2.   0.   2.   6.  13.   1.   2.  19. 140.  29.
   4.   7. 140.  41.   2.   1.   6.   5.   3.  19.  52.  41.   4.   5.
   1.   1.   3.   5.   0.   0.   1.  59.  11.   0.   1.   0.   1.   0.
   0.   9.  39.  61.  19.   3.  56.  11.   0.   0.   1.  11.  23.  43.
  48.  17.   2.  19.   3.   0.   0.  16.   0.   1.   1. 140.  35.   0.
   0.   0.]
[  0.   0.  23.  40.   8.  18.   8.   0.  12.   2.  35.  22.   3.  14.
   8.  38.  32.   4.  12.   2.   0.   0.  46. 139.   4.   0.   0.   0.
   0.   0. 114. 139.   1.   0.   0.   1.  10. 102.  83.  11.  77.   2.
   0.   0.   3.  66.  36.  44. 139.   9.   0.   0.   0.   0.  12. 139.
  31.   0.   0.   0.   0.   0.  24.  91.   9.  17.   6.   9.  89.  93.
  22.   9.  52.   4.   0.   0.  31.  85.   8.   7. 139.  68.   0.   0.
   0.   4.   2.  23.  60.  21.   0.   0.   0.   0.   5.  20.  29.  27.
   4.   3.  35.  36.   1.   2.   8.   4.   0.   0.  53.  65.   0.   1.
 135. 139.   1.   0.   7.   7.   0.   1.  67. 102.   0.   0.   0.   0.
   0.   0.]
[  4.   2.   1.   0.   0.   0.   0.   1.   2.   2.   7.  19.   0.   0.
   2.   2.  21.   3.  12.  20.   0.   9.  20.  63.   4.   1.   0.   0.
   0. 108.  97.  38.   3.   2.   0.   7.   5.   0.   0.   1.  28.   4.
   9.  81.  24.   3.   5.   6. 129.  38.   8.  21.   1.   1.  23. 129.
  49.  23.   2.   2.   8. 129. 127.  90.   2.  46.   8.   4.  10.   4.
   2.   1.  27.  10.   1.  16.  26.  17.  76.  51. 129. 129.  18.   3.
   4.  12.  53.  42.  32. 129. 129.  39.  18.  18.   4.   5.   1. 129.
  38.   0.   0.   0.   1.   1.  14. 125.  25.   0.   0.   1.   8.  13.
   3.  53.  42.  12.  20.  12.  10.   4.   4.  40. 111.  40.  45.   4.
   1.   1.]
[ 17.   0.   0.   0.   0.   5.  13.   8. 142.   2.   1.   1.   0.   1.
  14.  63.  39.  16.  16.   4.   0.   0.  77.  34.  10.  11.   2.   0.
   0.   0.  91.  21.  23.   0.   0.   0.   1.  11.   9.   4. 142.   2.
   1.   1.   2.   5.   2.  15.  64.  30.  20.  12.  14.  33.  17.  29.
  47.  56.   5.   1.   0.   3.  60.  85.  21.   0.   0.   0.   4.  16.
   4.   3. 142.   1.   0.   0.   1.   4.   1.  12. 142.   8.   0.   0.
   1.  20.  24.  87. 119.  35.   9.   1.   0.   4. 120. 142.  14.   1.
   0.   0.   4.  10.   1.   1. 142.  13.   0.   0.   1.   2.   0.   3.
 120.  50.  11.   0.   0.   0.   0.   7.  68. 137. 113.   2.   0.   0.
   1.   6.]
[ 20.   6.   4.   1.   0.   0.   0.  11.  47.  11.  26.  37.   1.   0.
   0.  19.  57.   2.  14.  77.  14.   1.   1.  63.  76.   0.   0.   2.
   2.   1.  23. 133.   4.  11.  40.  48.  14.   1.   0.   1.  24.  27.
 133.  54.   2.   2.   6.   4. 133.  43.  35.  24.   0.   0.   1. 133.
 133.  24.   5.   1.   0.   0.   1. 132.   0.   6.   7.  22.  34.  29.
  24.   4.  20.   5.  20.  11.   4.  11. 106.  42. 133. 133.  19.   0.
   0.   4.  32.  36.  36. 133. 133.   7.   0.   0.   0.   8.   1. 104.
  42.   0.   1.   6.  11.   3.   3.  44.  15.   0.   0.   3.  24.  16.
   4.  29.   6.   0.   0.   7.  14.   7.   2.  61.  65.   1.   0.   1.
   6.   5.]
[140. 140.   1.   2.   1.   2.   2.   8.  30. 140.  37.   1.   1.   2.
   3.   0.   1.  45.  46.  17.  14.   3.   3.   0.   0.   2.   2.   8.
  12.   0.   0.   0.  59.  57.   0.   0.   5.  18.  21.  67.  54. 140.
  63.   7.  14.   3.   4.  33. 128. 140.  54.   3.   1.   0.   0.   2.
  19.  13.   3.  15.   5.   0.   0.   0.  53.  12.   2.   4.  23.  25.
  39.  33.  92.  21.   8.  42.  44.  10.  17.  39. 140.  23.   2.   4.
   3.   0.   1.  57.  28.   3.   1.  13.   9.   0.   0.   3.   4.   1.
   0.   1.   2.  50. 140.   6.  24.   1.   1.   5.   5.  38. 140.  66.
 100.   0.   0.   1.   1.   0.  23. 114.   8.   0.   0.   9.  15.   0.
   0.   3.]
[ 63. 136.  21.   0.   0.   7.  10.  18.  24. 136. 136.   2.   1.   0.
   0.   4.  61. 136.  45.   3.   1.   0.   0.   0.   6.   9.   2.  10.
  39.   1.   0.   0.  54.  11.   1.   0.  22.  61.  31.  35.  88.  49.
  18.  10.  17.   3.  17.  30. 136.  80.   4.   1.   2.   0.   3.  25.
  32.   7.   0.   4.  39.   1.   0.   1.   6.   1.   0.   0.  27.  60.
 136.  28.  20.   2.   1.   2.   2.   3. 136.  96. 127.   2.   0.   0.
   1.   0.  59. 136.  20.   1.   0.   2.  36.   1.   0.   8.   0.   0.
   0.   0.   1.  10. 121.   8.   0.   0.   0.   1.   2.   5. 127.  14.
   1.   0.   0.   3.   8.   5.  36.  24.   0.   0.   0.   6.  25.   1.
   0.   2.]
[  2.  49.  50.  23.   6.   0.   0.   0.  21.  81.  11.   0.   0.   0.
   1.   5.   6.   5.   0.   0.   0.   3.  11.   5.   0.   0.   0.   0.
   0.  20.  10.   0.  41.  29.  17.  24.  56.   9.   0.   3. 129.  48.
   4.   0.   0.   2.  12.  81.  20.   6.   0.   0.   0.  58.  56.  34.
   0.   0.   0.   0.   0.  35.  26.   0.  58.   8.   2.  15.  87.  26.
  91.  27. 129.  93.   1.   0.   0.   8.  26.  34.  42. 121.   1.   0.
   0.  33.  36.  11.  10.  20.   1.   0.   0.  93.  87.   6.   4.   0.
   0.   1.   5. 129. 129. 129.  26.  30.   0.   0.   0. 129. 129.  11.
  21. 129.   7.   0.   0.  39.  30.   2.   8. 125.  34.   0.   1.  21.
  10.   2.]
[  1.   0.   0.   1.   7.   1.   1.   3.   0.   0.   4.  25.  55.  27.
  31.   3.   0.   2.  41.  20.  17.  50.  42.   0.   0.   6.  77.  17.
  21.  21.   1.   0.  24.   0.   0.   0.   1.   1.   3.  19.  86.   6.
   1.   3.  14.  48. 130. 130.   5.   1.   1.   9. 115. 130. 130.  18.
   0.   0.   1.   2.  75. 126.   8.   5.  62.   3.   0.   0.   0.   0.
   0.  10. 130.  62.  15.  30.  22.   7.   9.  49.  12.  14.  13. 106.
 130.  45.   8.   6.  11.   0.   0.   3. 104.  60.   8.  36.  63.   1.
   0.   0.   0.   0.   0.  15. 130.   8.   2.  11.  45.   4.   3.  49.
   2.   1.   1.  29. 130.   5.   1.   2.  61.   0.   0.   1.  51.  10.
   3.  62.]
[  3.   1.   0.   1.  47.  22.  23.  46.  13.  16.   5.   0.   0.   0.
  42. 135.   6.  24.  22.   0.   0.   1.  95.  71.   1.  12.  44.   1.
   0.   0.  73.  23.  59.   1.   0.   0.  33.  21.  13.  56. 135.  21.
   6.   2.   1.   6. 106. 135.   9.   7.  17.  23.  15.  67. 135.  63.
   3.   6.  23.   5.   2.  10. 135.  35.  46.   3.   0.   0.   8.  29.
  57.  31. 135. 135.  85.  10.   1.   2.  14.  45.  10.  36. 135. 109.
  15.  18.  17.   7.   2.  19. 135.  23.   2.   2.  12.   4.   1.   1.
   1.   0.   0.   2.  18.   4.   5.  17.  21.   1.   0.   0.   3.   4.
   0.   4.  48.   9.   0.   0.   0.   0.   0.   1.  31.   2.   0.   0.
   0.   0.]
[ 60.  14.   2.  34.  60.   0.   0.   1. 134.  15.   2.   4.   8.   2.
   2.  18.  29.   5.   3.  37. 134.  12.   2.   6.   0.   0.   0.   6.
  49.   1.   0.   0. 100.  64.   7.  32.  16.   0.   0.   2. 134.  52.
   8.   7.  14.  17.  14.  88.  20.   7.   9.  42. 134.  81.  15.  24.
   0.   0.   0.   6.  57.   5.   0.   0.  62. 134.  10.   9.   2.   0.
   0.   1. 111. 134. 134.  19.   5.   2.   1.   8.  14.  48. 134. 134.
  87.   7.   1.   2.   2.   2.   3.  18.  23.   1.   0.   0.  24.  30.
   2.   0.   0.   2.  67.  20.  15.  51.  50.   0.   0.   0.  40.  19.
  59.  29.  37.   3.   0.   0.   6.  26.  11.   2.   1.   2.   1.   0.
   0.   1.]
[ 28.   2.   0.   0.   0.   0.   0.   5. 136.  54.   8.  11.  10.  10.
  33.  64.  24.  18.  11.  56. 136. 102.  39.  16.  15.   0.   0.   2.
  82.  83.   8.  29.  38.   1.   0.   0.   0.   0.   0.   4. 136.  34.
   5.   8.  20.   4.   3.  41.  28.  11.   7.  39. 136.  27.   3.   9.
  80.   0.   0.   1.  94.  28.   4.  51.  37.   7.   0.   0.   0.   0.
   0.   1. 136.  61.   6.  14.  19.   1.   1.   8.  22.  15.   6.  63.
 136.   6.   1.   2. 136.  14.   1.  13.  79.   4.   0.  12.  20.   4.
   0.   0.   0.   0.   0.   1. 112.  36.   4.  10.  10.   1.   0.   8.
  10.   9.   4.  66. 116.   1.   0.   2. 108.  22.   2.  35.  45.   0.
   0.   2.]
[ 51.   0.   0.   1.  96.  23.   2.  36. 118.   1.   0.   2.  12.  10.
   4.  61.   9.   1.   0.   7. 112.  39.   4.   9.   0.   0.   0.   0.
  18.   5.   0.   0.  81.   4.   0.   9. 136.  17.   1.  13. 136.   7.
   1.   2.  22.  17.   6.  58.  18.   1.   1.   7. 136.  67.   6.  13.
   0.   0.   0.   0.  35.   8.   0.   0.  89.  30.   4.  49.  90.   0.
   0.   1. 136.  33.   3.   8.  26.  11.   7.  35.  21.   5.   3.  36.
 136.  38.   6.   8.   0.   0.   0.   3.  39.   2.   0.   0.  74.  83.
   8.  33.  19.   0.   0.   1. 136. 105.  37.  14.  20.  17.  10.  52.
  13.  12.  35.  65. 136.  59.   9.  12.   0.   0.   0.   5.  31.   3.
   0.   0.]
[  8.   1.   0.   2.  53.   4.   4.  11.  29.   1.   0.   0.   0.   0.
   9.  55.  26.   0.   0.   0.   0.   0.  55. 142.   0.   0.   0.   0.
   0.  14. 142.  49.  13.   3.   0.   2.  45.  21.  15.   5. 131.   9.
   0.   0.   0.   0.  10.  32. 142.  32.   3.   0.   0.   1.  54. 142.
  27.  15.  16.  14.  12.  79. 142.  67.   1.   0.   0.   0.   6.  42.
  84.   3.  66.   6.   0.   0.   0.   2.  90.  36. 142. 142.  58.   0.
   0.   0.   5.  24.  19.  80. 142.  62.   9.   8.   5.   5.   0.   0.
   0.   0.   0.   5.  25.   1.   3.   1.   1.   0.   0.   1.  36.   5.
  10.  38.  26.   0.   0.   0.   5.   5.   0.  14.  93.   8.   0.   0.
   0.   0.]
[  4.   0.   0.   0.   0.   0.   0.   2.  28.   0.   0.   0.   3.   2.
   6.  29.  62.   2.   0.   1.  15.  45. 127. 127.   2.   0.   0.   3.
  66. 127. 116.   9.   7.   0.   0.   0.   0.   0.   0.   2. 112.  12.
   0.   0.   0.   0.   0.  15. 127.  97.  25.  41.  28.  12.  19.  61.
   5.   9.  14. 102. 127.  50.  12.   5.   7.   0.   0.   0.   0.   0.
   0.   1. 106.   3.   0.   0.   0.   0.   0.  37. 127.  31.   9.  20.
  53.  10.   7.  78.   1.   3.   5.  46. 127.  10.   2.   1.   5.   2.
   0.   0.   0.   0.   0.   1. 127.   5.   0.   0.   0.   0.   0.  12.
 127.  16.   5.  25.  64.   3.   2.  20.   0.   0.   0.  26. 127.   2.
   0.   0.]
[  1.   0.   0.   0.   0.   0.   0.   2.   2.   0.   0.   1.  12.   4.
   4.   8.   3.   0.   0.   1.  35.  30. 110.  52.   0.   0.   0.   0.
   5.  57. 133.  12.   2.   0.   0.   0.   0.   0.   1.   2.  63.   1.
   0.   0.   0.   1.   3.  31. 133.  11.   1.   1.   1.   6.  98. 133.
  22.   5.   2.  18. 108. 133. 133.  53.   3.   0.   0.   0.   0.   0.
   0.   1.  94.  15.   0.   0.   0.   0.   0.   4. 133. 133.  20.   9.
   1.   0.   1.  16.  27.  42.  37. 133. 133.   7.   1.   4.   2.   0.
   0.   0.   0.   0.   0.   1.  53.   4.   0.   0.   0.   0.   0.  20.
 133.  42.   8.   4.   4.   4.   4.  67.   7.  12.  13.  55.  87.  14.
   3.   7.]
[ 24.   0.   0.   2.  28.   4.   1.   6. 136.   0.   0.   0.   2.   1.
   0.  16.  53.   3.   3.   0.   1.   1.   3.  10.   0.   1.   0.   0.
  92.  15.   3.   2.  29.   1.   0.   3.  22.  11.   4.  17. 136.   3.
   0.   0.   4.   3.   3.  28.  80.  10.   3.   1.   1.   6.  57.  97.
   5.   2.   1.   4. 134.  81.  57.  34.  28.  16.   9.  16.  21.   2.
   1.   2. 136.  63.   9.   4.   4.   0.   0.   5.  97. 136.  68.   8.
   3.   3.  11.  39.  12.  38.  65.  99. 136.  26.  12.  13.   7.  15.
  18.  15.  14.   1.   0.   0.  57. 116.  44.   3.   0.   0.   0.   1.
   5.  82. 136.   1.   0.   0.   0.   1.   0.  16. 134.  62.  16.   0.
   0.   0.]
[ 24.   6.   3.  23.  30.   1.   1.   7. 132.   1.   0.  10.  19.   0.
   0.  54. 132.  14.   2.   0.   0.   4.  12.  68.  52.  15.   2.   2.
   3.  13.  81. 103.  26.  18.  12.  43.  11.   0.   0.   1. 132.  32.
   3.  11.   5.   0.   0.  40. 132.  84.  48.   7.   0.   0.   0.  17.
 103. 132.  60.  16.   4.   2.   4.  23.  16.  15.  16.  18.   1.   0.
   0.   1. 116. 132.  33.   2.   0.   0.   0.   2.  21. 132. 132.   4.
   0.   0.   0.   0.   7. 132. 132.   4.   0.   0.   0.   0.   5.   1.
   0.   1.   3.   3.  18.  13.  20.  21.   6.   0.   0.   0.  19.  18.
  10.  37.  40.   0.   0.   0.   7.  14.   3.  35.  64.   0.   0.   0.
   3.   6.]
[  0.   5.  90.  24.   1.   0.   0.   0.   2.  50.  78.   2.   0.   0.
   0.   0.  29.  41.  19.   1.   0.   0.   1.  13.  11.   2.   1.   0.
   0.   3.  29.  65.   0.   6.  32.   4.  15.  30.  12.   4.  36.  53.
  33.   1.   1.  13.  11.   5. 132.  37.   1.   0.   0.   0.   9. 132.
  22.   1.   0.   0.   0.   0.  67. 132.  10.   0.   0.   0.  55. 128.
  15.  12.  47.   7.   1.   0.   1.  47.  49.  17. 132. 132.   0.   0.
   0.   9.   7.  50. 103.  82.   0.   0.   0.   0.   7.  46.   9.   3.
   0.   0.  94. 132.   0.   1.  30.  14.   0.   0.  13.  49.   7.   3.
  85. 113.   0.   0.   6.  29.   1.   1. 131. 132.   0.   0.   0.   0.
   0.   0.]
[131.  69.   2.   2.   1.   1.   2.  11.  80.  36.   7.  60. 131.  24.
   7.   9. 131.   2.   0.  15.  76.   8.   1.  41.  56.   2.   0.   0.
   0.   0.   1.  20. 131. 131.  12.   3.   0.   0.   9.  18.  66.  84.
  51. 131.  88.   3.   2.   4. 131.  21.   2.  40.  32.   1.   1.  16.
  57.   7.   2.   0.   0.   0.   0.   9.  25.  18.   4.   1.   0.   4.
 131.  67.  21.  16.  17.  34.  10.  55. 117.  34. 131.  42.   4.   6.
   3.  20.  31.  34.  35.  31.  19.   0.   0.   0.   0.   0.   0.   0.
   0.   0.   1.  11.  78.  13.   1.   0.   0.   1.   8.  46.  60.  10.
  12.  28.   7.   0.   8.  60.  18.   4.   2.  25.  30.   0.   0.   2.
   9.   4.]
[ 55.   0.   0.   0.  38.   4.   0.   8. 171.   0.   0.   0.   0.   1.
   4.  93.  32.   0.   0.   0.  23.  39.  17.  43.   0.   0.   0.   0.
  48.  24.   0.   0.  97.   0.   0.   0.  56.   7.   0.   7. 171.   5.
   0.   0.   3.   5.   4.  86.  47.   2.   0.   5. 103.  49.   8.  32.
   0.   0.   0.   3.  95.  13.   0.   0.  95.   5.   0.   0.  66.   6.
   0.   1. 171.  53.   1.   2.   5.   1.   0.   7.  65.  14.   2.  16.
 127.  25.   1.   3.   0.   0.   0.   6. 100.  16.   0.   0.  50.   8.
   0.   0.  61.   4.   0.   0. 171.  73.   0.   1.   1.   0.   0.   0.
  65.  24.   1.  14.  77.  11.   0.   0.   0.   0.   0.   7.  85.   9.
   0.   0.]
[  4.   5.   1.   1.   2.  10.  12.   7.  43.   2.   1.   1.   1.   5.
   9.  21. 160.   0.   0.   0.   0.   0.   1.  97. 137.   0.   0.   0.
   0.   0.   0.  26.   0.   1.   0.   0.   2.  66.  34.   1.  97.   4.
   1.   0.   1.  23.  28.  29. 160.  19.   0.   0.   0.   0.   1.  78.
 133.   6.   0.   0.   0.   0.   0.  17.   0.   0.   0.   0.   5.  64.
  29.   1.  42.   2.   0.   0.   1.  25.  64.  35. 160. 124.   0.   0.
   0.   0.   8.  25. 134.  79.   0.   0.   0.   0.   0.   4.   0.   0.
   0.   0.   2.  64.  17.   1.  14.   0.   0.   0.   0.  25.  11.  24.
  81.  84.   0.   0.   0.   1.   9.  16. 128. 150.   0.   1.   1.   0.
   1.   1.]
[  0.   0.   0.   1.  82.   5.   0.   0. 122.  18.   0.   1.  17.   1.
   0.   5. 174.  45.   0.   0.   0.   0.   0.  15.  42.   8.   0.   0.
   1.   1.   1.   3.   0.   0.   0.   2. 111.   4.   0.   0. 144.  19.
   0.   1.  27.   0.   0.  10. 174.  68.   0.   0.   0.   0.   0.  31.
  66.  11.   1.   1.   1.   1.   1.   6.   0.   0.   0.   3. 112.   1.
   0.   0. 142.   6.   0.   1.  25.   0.   0.  13. 174.  19.   0.   0.
   0.   0.   0.  47.  69.   5.   2.   2.   2.   4.   2.   7.   0.   0.
   0.   2.  88.   1.   0.   0. 129.   5.   0.   1.  20.   0.   0.   1.
 174.  13.   0.   0.   0.   0.   0.   3.  64.   5.   0.   0.   1.   2.
   2.   2.]
[  0.   0.   1.   9.   4.   0.   1.   3.  47.   3.   3.   2.   1.   0.
   9.  72. 144.   0.   0.   0.   0.   0.   4. 139.  91.   0.   0.   0.
   0.   0.   0.  45.  29.   0.   0.   2.   2.   1.   2.  20. 144.   6.
   0.   0.   0.   0.  46. 144. 100.   4.   0.   0.   1.   6. 104. 144.
  77.   0.   0.   0.   0.   1.   5.  32.  53.   1.   0.   0.   0.   1.
   3.  43. 144.  47.   0.   0.   0.   0.   5. 105.  91.  43.   4.   1.
   2.   7.  27.  46.  20.   0.   0.   0.   1.   2.   4.  41.  28.   0.
   0.   0.   0.   0.   3. 144.  90.   2.   0.   0.   0.   0.   2. 144.
  51.   3.   0.   0.   0.   0.   0.  67.  14.   2.   2.   2.   1.   0.
   0.  11.]
[ 45.  52.   0.   0.   0.   0.   5.   5. 105. 142.   0.   0.   0.   0.
   1.   1. 110.  72.   0.   0.   0.   0.   0.   1.  63.   6.   0.   0.
   0.   0.   0.   1.  53.  48.   0.   0.   0.   0.   3.   2.  93. 142.
   0.   0.   0.   2.   3.   4. 142. 142.   0.   0.   0.   0.   0.   6.
  83.   8.   0.   0.   0.   0.   0.   1.  53.  52.   0.   0.   0.   1.
   8.   3. 132.  36.   0.   0.   0.   1.   2.  37. 142.  16.   0.   0.
   0.   0.   0.  82.  80.   3.   0.   0.   0.   0.   0.   6.  12.   8.
   0.   0.   0.  20.  87.   9. 142.  13.   0.   0.   0.   1.  25.  76.
 142.   0.   0.   0.   0.   0.   0.  80.  46.   0.   0.   0.   0.   0.
   0.   5.]
[ 49.  18.   5.  29.  43.   4.   0.   2. 156.  23.   3.  17.  25.   6.
   6.   7. 135.  64.   3.   4.   4.   5.   9.  16.  46.  18.   0.   0.
   0.   0.   0.   1.  50.  20.   3.  21.  55.   1.   0.   1. 166.   8.
   0.   8.  24.  12.  48.  65.  98.  13.   0.   1.  16.  40. 116.  72.
  55.  17.   0.   0.   2.   2.   2.   6.  54.  10.   0.   2.  58.   1.
   0.   0. 166.  39.   0.   0.  27.   3.   5.  14. 127.  10.   0.   0.
 110.  33.  15.  11.  49.   5.   0.   0.  17.   3.   0.   2.  37.  10.
   0.   3.  43.   0.   0.   0. 166.  29.   0.   1.  22.   1.   0.   0.
 134.   8.   0.   0.  99.  14.   0.   1.  37.   2.   0.   0.  19.   3.
   0.   2.]
[  4.  38.  53.  52.   0.   0.   0.   0. 134.  82.  11.   1.   0.   0.
   0.  24. 139.  52.   0.   0.   0.   0.   0.  26.  11.   5.   0.   0.
   1.   3.   1.   0.  29.  37.  17.   6.   2.   5.   5.   7. 139.  41.
   9.   1.   1.   2.   5. 139. 105.  14.  10.   7.   4.   3.  15. 130.
  13.  13.   1.   0.   1.   1.   0.   1.  39.   2.   0.   0.   6.  45.
  30.  43. 139. 103.  36.   7.   3.  24.   8.  23.  91. 108. 114.  23.
   4.   1.   2.   9.  34.  36.   3.   0.   0.   0.   0.   0.  63.   3.
   0.   0.  33.  47.   9.  23. 139.  40.   7.   5.  28.  42.   4.   6.
 139.  55.  16.   7.   4.   4.   1.  10.  66.  29.   0.   0.   0.   0.
   0.   1.]
[  6.  38.  30.  31.   8.   3.   5.   1.   9.  43.  32.  13.   6.  28.
  19.   2.   1.   4.  17.  11.  43. 115.   5.   0.   0.   2.  12.  42.
  67.  64.   1.   0.  17.  23.   9.  16.  32.  21.  18.  12.  19.  39.
  62.  59.  27.   8.   5.   8.  65.  52.  41.  30.  41.  20.   2.   7.
   6.   2.   4. 153. 153.  23.   1.   0.   1.   1.   0.   0.   7.  36.
  49.   6.   6.   2.   1.   9.  40.  87.  49.  19.  58.   7.   2.  45.
 100.  11.  30.  59.   3.   1.   0. 153. 153.   7.   0.   1.   2.  18.
   6.   0.   0.   5.   6.   1.   1.   5.   2.   0.   1.  27.  36.   3.
   0.   0.   0.  13. 142.  44.  23.   8.   0.   0.   0.  29. 153. 153.
  24.   0.]
[122. 177.  44.   0.   0.   0.   0.   0.  35.  35.  36.  13.   0.   1.
   2.   0.   0.  19.  41.   5.   1.   5.   3.   0.   0.   4.  16.   3.
   1.   7.   5.   0. 177.  79.   5.   1.   3.   1.   0.  14.  89.  20.
  36.  59.  60.  11.   1.   6.  32.  80.  52.  21.   8.   3.   2.   9.
  10.  33.  51.  19.   5.   2.   0.   1. 177.  15.   1.   0.   3.   2.
   2.  59.  82.  20.   5.   5.  57.  65.  29.  21.  28.   8.   2.   4.
  11.  40.  61.  82.  23.  10.   5.   7.  12.  53.  30.  21. 177.  41.
   6.   0.   0.   0.  21.  82.  31. 133.  22.   0.   1.   5.   8.   7.
  11.  58.  36.   2.   1.  14.  23.  24.   2.   3.  35.   4.   2.  31.
  24.  11.]
[137.  14.   0.   2.  30.   1.   0.   0.  69.  34.   2.   6. 137.   9.
   0.   1.  95. 108.   6.   4.  12.   0.   0.   2.  11.   8.   2.   1.
   1.   0.   0.   0. 137.  15.   0.   1.  25.   4.   0.   1.  83.  11.
   1.   2. 137.  63.  10.   6. 137.  42.   1.   1.  24.  13.  10.  24.
  38.  12.   0.   0.   0.   0.   0.   1. 137.   9.   0.   0.  10.   5.
   2.   6. 102.   3.   0.   0.  41. 126.  94.  20.  54.   1.   0.   0.
  15.  57. 105.  56.  19.  10.   1.   0.   2.   1.   1.   4. 137.  17.
   0.   0.   7.   1.   0.   1. 134.  12.   0.   0.   8.  11.  14.   4.
   1.   0.   0.   1.  84.  28.  12.   0.   8.   7.   1.   1.  13.   1.
   0.   0.]
[  0.   0.   9.  11.   0.   0.   0.   0.   0.   1.  17.  23.   1.   0.
   0.   0.   5.   4.   9.  10.   4.   1.   9.  12.   0.   0.   1.   2.
   1.   1.  39.  32.   0.   0.  28.  99.  15.   2.   2.   0.  13.  23.
 115. 107.   1.   0.   4.  12. 115.  64.  43.   7.   0.   0.   9.  47.
  22.   2.  14.  11.   0.   0.  30.  40.   0.   0.  45. 115.  18.   4.
  66.  42.  13.   5.  47.  54.   4.   2. 115. 115. 109.  20.  95.  52.
   0.   0.  27. 114.  14.   4. 115. 115.   0.   0.   0.   1.   0.   0.
  73.  57.   0.   0.  64.  49.   0.   0. 115. 115.   0.   0.  38.  31.
   1.   1. 115. 110.   0.   0.  10.  12.   0.   0.  80.  56.   0.   0.
  15.  15.]
[  2.   0.   0.   0.  15.   6.   1.   1.  78.  21.   8.   1.   1.   1.
   1.  11.  26.  18.  11.  12.  71.   0.   0.   3.   2.   0.   0.  30.
 137.   0.   0.   0.   0.   0.   1.   6.  26.   7.   0.   0.  17.  62.
  86.  68.  56.   1.   0.   0.  50. 137.  83.  35.  71.   0.   0.   0.
   8.   4.   3.  58. 137.   0.   0.   0.   0.   0.   0.   4.  53.   7.
   0.   0.  42.  11.   9.  47. 137.  26.   1.   6. 137.  42.   9.  22.
  88.   3.   1.  23.  20.   2.   1.  43. 137.   0.   0.   3.   2.   0.
   0.   2.  16.  13.   3.   3.  37.   0.   0.  11. 137.  80.   4.  13.
 137.   0.   0.  14.  94.   9.   2.  35.  21.   0.   0.  25. 137.   0.
   0.  11.]
[139.   4.   0.   0.   2.   2.   0.   9. 103.   9.  21.  21.   6.   1.
   0.   7.   1.   6.  23.  22.  30.   2.   0.   0.   4.   7.   1.   1.
   1.   0.   0.   0. 139.  20.   1.   3.  10.   1.   0.   0.  98.  25.
  63. 125.  66.   1.   0.   0.  84.  81.  81.  40.  10.   0.   0.   1.
  24.  16.   1.   0.   0.   0.   0.   0. 139.  17.   0.   1.  25.   6.
   0.   0. 112.  10.   3.  24. 139.  16.   0.   5. 139.  16.   4.   7.
  40.   4.   0.  33.  40.   4.   0.   0.   0.   0.   0.   4. 139.  11.
   0.   0.  32.   6.   0.   0. 107.   5.   0.   0. 139.  17.   0.   6.
 139.   1.   0.   0.  34.   6.   0.  43.  14.   2.   1.   1.   2.   0.
   0.   6.]
[  2.   1.   0.   6.  14.   2.   1.   1.  35.   6.   0.  41. 139.   2.
   0.   0. 139.  19.   0.   6. 108.   6.   0.   0.  32.   6.   0.   0.
 139.  12.   0.   0.   0.   0.   0.   4.  40.   4.   0.   0.  41.   5.
   0.  31. 139.  17.   4.   7. 139.  18.   0.   5. 112.  11.   3.  23.
  25.   6.   0.   0. 139.  20.   0.   1.   0.   0.   0.   0.  24.  16.
   1.   0.  10.   0.   0.   1.  84.  81.  81.  40.  66.   1.   0.   0.
  96.  26.  63. 126.  10.   1.   0.   0. 139.  23.   1.   3.   1.   0.
   0.   0.   4.   8.   1.   0.  30.   2.   0.   0.   1.   6.  23.  22.
   6.   1.   0.   6. 101.   9.  21.  22.   2.   2.   0.   8. 139.   6.
   0.   0.]
[  7. 114. 157.   0.   0.   0.   0.   0. 111. 157.  68.   0.   0.   0.
   0.   0.  28.  39.  33.   7.   0.   2.   4.   0.   0.  10.  25.   2.
   0.   6.   7.   0.  70.  54.  52.   0.   0.   3.  23.  16. 157.  76.
   7.   1.   2.   1.   1.  27.  85.  21.  21.  17.  17.  17.  12.  12.
   9.  23.  27.   5.   2.   9.  14.  11.  31.   0.   0.   0.   0.  32.
 157.  61. 157.  30.   0.   0.   0.   1.  42. 126.  66.  80.   6.   0.
   2.  12.  21.  20.   5.  13.  19.   1.   1.  21.  34.  19.   0.   0.
   0.   0.   0.  20. 136.  10.  23.  11.   0.   0.   0.   1.  68.  46.
  11.  70.  14.   0.   0.   1.   8.   4.   1.  25.  68.   1.   0.   1.
   1.   0.]
[  0.   4.  65.  18.   0.   0.   0.   0.  14.  19.  35.   7.   0.   0.
   7.  10.   3.   0.   1.   6.   1.   1.  53.  32.   0.   0.   0.   1.
   1.   0.  89.  32.  19.  42. 160.  49.   0.   0.   0.   0. 160. 101.
  53.   2.   0.   0.  10.  41.  54.   7.   2.   1.   0.   0.  77.  95.
   4.   5.   8.   5.   0.   0.  75.  48.  85.  23.  67.  12.   0.   0.
  21.  32. 160.  29.   6.   0.   0.   0.   2.  56.  92.  19.   7.   3.
   1.   2.   9.  15.   5.  14.  17.   9.   0.   0.   5.   6.  24.   0.
   0.   0.   0.   0. 160. 112. 160.   0.   0.   0.   0.   0.  33. 160.
  46.   1.   3.   1.   0.   1.  14.  19.   1.   0.   6.   2.   0.   0.
   7.   5.]
[ 11.  12.   8.   1.   0.   0.   1.   8. 123.  33.   1.   0.   0.   0.
   0.  19. 143.  43.   0.   0.   0.   0.   0.   6.  35.  13.   0.   0.
   0.   0.   0.   0.  16.   2.  10.   9.   0.   0.   1.  30.  66.  56.
  68.  27.   0.   0.   0.  38. 143. 143.  20.   1.   0.   0.   0.  14.
  64.  24.   0.   0.   0.   0.   0.   0.  11.   4.  53.  52.   0.   0.
   2.  34.  24.   9.  41.  38.   0.   0.  34. 143. 143.  25.   5.   1.
   0.   0.  24. 143.  81.   7.   0.   0.   0.   0.   1.   9. 108.  11.
  20.  10.   0.   0.   3. 119.  25.   0.   0.   0.   0.   1.  66. 143.
  11.   0.   0.   0.  12.  29.  88. 132.  20.   4.   0.   0.   5.   7.
   4.   7.]
[ 17.   0.   0.   0.   5.   2.   1.  21.  16.   0.   0.   8.  72.   4.
   1.  14. 146.   6.   2.   2.  18.   2.   1. 146. 145.  12.  41.  55.
   0.   0.   0.  76.   6.   0.   0.   2.  17.   3.   5.  33.  61.   4.
   1.  23.  90.   5.   3.  15. 146.  73.  18.   6.   6.   1.   1.  61.
  52.  37.  78.  67.   0.   0.   0.  11.   1.   0.   0.   9.  23.   5.
   9.  21.  20.   1.   0.   5.  40.  16.  67. 138. 136.  19.   2.   0.
   1.   1.  22. 146.  26.   9.   7.   2.   0.   0.   0.  55.   4.   1.
   0.   2.   3.   2.  24.  91.   2.   0.   0.   0.   0.   1.  40. 146.
   4.   0.   0.   0.   0.   0.  10. 128.   2.   0.   0.   0.   0.   0.
   4.  34.]
[ 15.   0.   0.   8. 150.   0.   0.   2. 150.   0.   0.   1.  23.   1.
   0.  45.  64.   0.   0.   1.  19.   6.   3.  23.   0.   2.   2.   1.
   5.   1.   0.   0.  28.   1.   0.   8. 150.   1.   0.   4. 150.  22.
   1.   2.  23.   2.   1.  67.  59.   8.   3.  10.  49.  16.   3.  26.
   0.   2.   1.   2.  11.   1.   0.   0.  15.  10.   1.  14. 150.   0.
   0.   0. 150. 150.   9.   6.  23.   0.   0.   4.  43. 100.  31.  22.
  17.   1.   0.   1.   3.   2.   1.   4.   4.   0.   0.   0.   2.   2.
   0.   7. 150.   0.   0.   0. 140.  60.   1.   2.  29.   0.   0.   3.
 144.  45.   2.   0.   0.   0.   0.   2.  11.   3.   0.   0.   0.   0.
   0.   0.]
[ 33.   2.   0.   0. 130.  29.   0.   1. 162.  17.   0.   0.   3.   1.
   0.   9.  77.   6.   0.   0.   0.   0.   1.   7.   2.   2.   0.   0.
   0.   0.   0.   1.  36.   1.   0.   0. 162.  40.   0.   3. 162.  12.
   0.   0.   8.   3.   2.  66.  71.   3.   0.   0.  15.  16.   9.  39.
   3.   1.   1.   0.   3.   2.   0.   1.  28.   4.   0.   0. 162.  43.
   0.   1. 162.  63.   0.   0.  16.   3.   1.  17.  93.  20.   0.   2.
  42.  20.   4.  14.   0.   2.   3.   1.  12.   4.   0.   0.  13.   1.
   0.   0. 162.  41.   0.   0. 162.  32.   0.   0.  22.   5.   1.  21.
 106.  17.   3.   6.  47.  30.   7.  23.   0.   1.   0.   2.  25.   7.
   0.   0.]
[  7.  12.  55. 105. 102.   8.   0.   0. 149.  97.  48.  14.   4.   0.
   0.   0.  67.  20.   0.   0.   0.   0.   0.   0.   2.   2.   1.   1.
   1.   0.   0.   0.  21.   2.   1.   4. 153.  59.   0.   1. 153.  18.
   0.   1.  20.   6.   0.   4. 127.   8.   0.   0.   0.   0.   0.   2.
   2.   2.   1.   1.   1.   0.   0.   0.  17.   1.   0.   0. 153.  72.
   0.   1. 153.  15.   0.   0.  38.  12.   0.  20. 115.   5.   0.   0.
   1.   3.   3.  20.   2.   1.   1.   1.   1.   1.   0.   1.  15.   2.
   0.   0. 153.  53.   0.   0. 153.  25.   0.   0.  51.  14.   1.  17.
  92.  10.   0.   0.  16.  12.   3.  16.   0.   1.   3.   1.   4.   2.
   0.   0.]
[  1.   2.   7.   5.   0.   0.   0.   1.   7.   9.   3.   0.   0.   1.
  14.  25.  15.   1.   0.   0.   0.   8.  30.  25. 103.   0.   0.   0.
   0.   1.   3.  94.  31.   4.   8.   4.   0.   0.   0.  15. 111.   7.
   2.   3.   4.  15.  81. 125.  24.   2.   1.  12.  54. 125. 120.  57.
 125.   0.   0.   0.   6.  12.   6.  89.  69.  10.   4.   2.   1.   8.
   4.   6. 125. 105.  50.  29.   6.   4.   7.  44.  30.  17.  51. 115.
  73.  30.  12.  82.  96.   0.   0.   3.   7.   3.   3. 125.  25.   3.
   1.   0.   1.  26.  14.  18.  79.  29.  17.   4.   0.   0.   8. 106.
  14.   3.  15.  10.   0.   0.  41. 125.   7.   0.   0.   0.   1.   3.
  38. 105.]
[  2.   4.   8.   1.   0.   0.   1.   1.  16.   5.   1.   0.   0.   0.
  16.  27. 122.  61.   0.   0.   0.   3.  22.  13. 114.  58.   0.   0.
   0.   0.   0.   0.  30.   6.   6.   5.   1.   0.   0.  10. 122.  19.
   2.   2.   3.  14.  70. 122.  67.  20.   2.  10.  54. 106. 107.  44.
 122.  44.   0.   1.   6.   6.   2.   9.  26.  22.   3.  11.   1.   0.
   0.   1. 122. 122.  32.  15.   5.   4.   5.  26.  62.  58.  50. 113.
  84.  25.   7.  29. 122.   2.   0.   6.   8.   2.   2. 100.   1.   4.
   1.   5.   1.   2.  22.   3.  39.  86.  10.   2.   0.   2.  14.   5.
 122.  48.  20.  15.   1.   0.   0.  44. 122.  19.   0.   1.   0.   0.
   2.  79.]
[  0.   1.   5.  61.  23.   1.   0.   0.   5.   5.  14. 132.  24.   0.
   1.  14.  31.  13.  11.  13.   2.   1.  20.  79.   7.   1.   0.   0.
   2.   4.  54. 107.   2.   0.   0.  80. 107.  13.   0.   0.  96.   3.
   4.  81.  40.   2.   6. 132.  40.   2.   2.   2.   0.   0.  49. 132.
   4.   1.   0.   0.   0.   0.  54.  65.   6.   0.   0.   4. 132.  76.
   5.   2. 132.  28.   0.   2.  79.  18.   0.  26. 132.  22.   0.   0.
   0.   0.   4.  34.   3.   5.   1.   0.   0.   0.   5.   6.   4.   1.
   0.   0. 132.  38.   3.   6. 132.  41.   0.   0. 106.  10.   0.   0.
 129.  45.   0.   0.   0.   0.   0.   0.   2.  13.   3.   0.   0.   0.
   0.   0.]
[  0.   1.   8.  68.  26.   0.   0.   0.  11.   5.  12. 117.  29.   0.
   0.  14.  20.   5.   8.   9.   3.   2.  25.  96.   9.   1.   0.   0.
   3.   6.  72. 126.   3.   0.   0.  78. 116.   9.   0.   1. 100.   3.
   3.  67.  35.   2.   0. 126.  43.   1.   1.   0.   0.   0.  38. 126.
   6.   1.   0.   0.   0.   0.  32.  75.   6.   0.   0.   5. 126.  85.
   4.   2. 126.  40.   0.   2.  60.  24.   0.  30. 126.  33.   0.   0.
   0.   0.   3.  38.   3.   8.   1.   0.   0.   0.   4.   7.   3.   0.
   0.   0. 126.  52.   4.   5. 126.  56.   1.   0. 102.  21.   0.   0.
 126.  67.   1.   0.   0.   0.   0.   0.   3.  16.   5.   0.   0.   0.
   0.   0.]
[  1.   2.   3.  25.  84.   9.   0.   0.  85.  15.   5.  11.  10.   2.
   2.  44. 127.   4.   1.   0.   0.   0.   0.  81.  15.   3.   2.   1.
   0.   0.   0.  19.   5.   3.   2.  15. 136.  13.   0.   0. 136.  44.
   3.  10.  38.   2.   0.  32. 132.  33.   1.   0.   0.   0.   0.  57.
   5.   5.   8.   1.   0.   0.   0.   6.   2.   1.   0.   1. 109.  94.
   5.   0.  93. 136.   0.   0.  32.  88.  11.   1.  39. 136.  13.   0.
   0.   4.   0.   1.   0.  57.  27.   1.   0.   0.   0.   0.   1.   0.
   0.   0.  11.  62.  22.   2.   3.  24.   1.   0.   2. 136.  50.   3.
   0. 136.  15.   1.   6. 112.   3.   0.   0. 136.  18.   0.   0.   2.
   0.   0.]
[ 19.   8.   0.   0.   0.   8.  52.  65.  38.  97.   0.   0.   7.  50.
  56.  13.  89. 110.   0.   0.   1.   2.   0.   1.  37.   6.   0.   0.
   0.   0.   0.   6. 128.  98.  17.   6.   9.  19.  36.  82.  33.  35.
  19.  43. 128. 103.  39.  15. 128.  52.   0.   5.  28.   6.   0.  16.
  59.   3.   0.   0.   0.   3.   8.  42.  24. 128.  57.   7.   3.   1.
   0.   0.  32.  94.  80.  77.  73.   1.   0.   7. 128.  30.   1.   8.
  17.   0.   0.  35.  68.  37.   4.   1.   4.   5.   4.  18.   5.  20.
   3.   1.   2.   2.  13.   7.  35.  70.  12.   2.   0.   0.   9.   9.
 119. 116.   4.   0.   0.   0.   0.   6.  22. 122.  10.   1.   0.   0.
   0.   0.]
[  0.   1.   8.   4.   0.   0.   0.   0.  13.   1.   7.   7.   0.   0.
   0.  13.  43.   1.   1.   0.   0.   1.  56. 138.   4.   0.   0.   0.
  14.  84. 138.  62.   0.   2.   8.   6.   1.   0.   0.   0.  88.  12.
   6.  11.   2.   0.   0.  12. 138.  45.  16.   8.   1.   1.  18. 137.
  42.  17.  36. 120. 105.  67.  50.  45.   0.   1.   1.   1.   6.  27.
  11.   1.  92.   7.   1.   3.   7.   5.   3.  39. 138.  87.  80.  44.
   0.   0.   1.  20.  11.  18. 115. 138.  10.   0.   5.  33.   0.   3.
   3.   1.   8.  63.   5.   1.  58.   4.   0.   0.   2.  19.   6.  24.
  45.  15.  21.  16.   1.   1.  34.  67.   1.   0.  10.  17.   1.   1.
  72. 138.]
[ 79.  19.   2.   0.   1.   1.  22.  88. 150.  37.   2.   1.   1.   2.
  19.  47. 124.  10.   0.   0.   0.   0.   0.  30.  29.   0.   0.   0.
   0.   0.   0.   8. 103. 150.  14.   1.   1.   1.   7.  17. 150.  57.
  13.   1.   1.   2.   4.  81.  99.   5.   0.   0.   1.   2.   8.  82.
  19.   0.   0.   0.   0.   1.   1.   8. 102.  24.   2.   3.   0.   1.
  16.  75. 150.  55.   0.   0.   0.   0.   3.  94. 110.  35.   1.   1.
   2.   1.   1.  16.  15.   0.   0.   0.   1.   0.   0.   2.  33.   5.
   5.   3.   1.   1.  22. 150.  67.  15.   3.   0.   0.   0.  30. 150.
  40.   4.   0.   0.   0.   0.   2.  40.  13.   1.   0.   0.   0.   0.
   0.   1.]
[  0.   0.   0.   3.   3.  18.  66.   0.  88.   5.   1.   1.   0.   7.
  60.  61. 156.  14.   0.   0.   0.   0.   1.  54.  82.   3.   0.   0.
   0.   0.   0.   6.   0.   0.   0.   7.   8.   4.   5.   1. 109.  37.
   1.   3.   2.   1.  10.  30. 156.  44.   0.   0.   0.   0.   0.  49.
  90.   2.   0.   0.   0.   0.   0.  14.   4.  10.  10.   3.   1.   2.
  10.   7.  75.  58.  27.   5.   0.   1.  19. 102. 156.  98.   9.   0.
   0.   0.   0. 153.  64.  14.   0.   0.   0.   0.   0.   9.   1.   6.
  15.  23.  11.   1.   0.   0.  16. 124.  67.  29.  22.  14.   1.   4.
 119. 156.  36.   0.   1.   2.   0.   5.  79.  77.   0.   0.   0.   0.
   0.   0.]
[  3.  70. 136.  10.   0.   0.   0.   0.   6.  55.  79.  25.   0.   0.
   0.   1.  92.  70.  23.   2.   0.   0.   0.  10.  82.  26.   1.   0.
   0.   0.   0.  17.  33.  40.  45.   7.   1.   0.   0.  17.  31.  98.
  82.  19.   2.   0.   0.   3. 138. 100.  26.   1.   0.   0.   0.  27.
 119.  13.  13.  10.   1.   0.   1.  26.  21.   1.   1.  12.  25.   2.
   3.  51.  65.  35.  19.  57.  38.   0.   1.   4. 138. 123.   5.   2.
   0.   0.   2.  59.  72.  30.   9.  19.  23.  46.  11.  30.  20.   0.
   0.   9.  67.   8.   2.  18.  11.  31.   5.  33.  68.   1.   0.   0.
 135. 138.   3.   2.   0.   0.   0.   1.  81. 138.   6.   0.   4.  36.
   5.   2.]
[ 32.  42.  83.  11.  11.  17.  21.  33.   2.  29.  45.  11.  62.  89.
   8.   1.   0.   2.  24.  18.  47.  44.   0.   0.   0.   8.  24.   6.
   1.   0.   0.   0.  20.  60. 126.  42. 113.  33.   1.   4. 126. 126.
  60.   4.  30.  33.   1.   8.  23.   8.   3.   8. 126.  82.   0.   1.
   6.  21.   5.   2.  17.   2.   0.   0.  32.   3.   1.   4. 126. 126.
  10.  39. 126.  13.   3.  27.  21.   4.   3.  85.  27.   4.   2. 100.
 126.   5.   0.   1.  19.  12.   1.   9.  18.   0.   0.   0.  12.   0.
   0.  28. 126.  56.  22.  38.  47.   3.  10.  80.  14.   3.   5.  50.
   3.   2.   4.  98.  44.   1.   0.   1.  17.   6.   1.   3.   2.   0.
   0.   1.]
[  3.  27.  39.   4.   6.   1.   1.  10.  24.  81.  48.   7.   1.   0.
   2.  21. 131. 137.  17.   1.   0.   0.   0.  26.  83.  38.   5.   0.
   0.   0.   0.  25.  25.   0.   0.   0.   8.   4.   2.  34.  60.  13.
   5.  27.  41.  10.   6.  36. 137.  30.   6.  11.   9.   1.   1.  70.
  60.  45.  78.  30.  25.   1.   0.  27.  39.   1.   0.   0.   2.   4.
   9.  18.  59.   8.   6.  14.  26.  45.  34.  20. 137. 112.  97.  24.
  15.   9.  14.  22.  17.  57. 137.  97. 109.   4.   0.   0.  10.  10.
   6.   1.   0.   0.   3.   8.  11.  17.  18.  39.  33.   6.   3.   2.
   4.  28. 137.  99.  61.  24.  16.   2.   5.  24. 137.  47.   7.   2.
  30.  15.]
[  1.   1.   3.   4.   0.   0.   0.   0.  18.   1.   6.   6.   0.   0.
   1.  15.  37.   0.   0.   1.   0.   2. 102. 124.   1.   0.   0.   0.
  11.  81. 138.  21.   0.   0.   1.   4.   2.   3.   1.   0. 110.   1.
   0.   2.   2.   2.   0.  12. 138.   8.   1.   1.   2.   2.  33. 119.
  34.   3.   1.  12. 138.  76.  65.  28.   1.   0.   0.   0.   1.   8.
   7.   2.  90.  16.   0.   0.   2.  10.   2.   2. 138. 138.  63.   4.
   1.   0.   0.   1.  22.  34. 109. 125. 120.   0.   0.   0.   4.   3.
   0.   0.   2.   3.   1.   1.   7.  11.   2.   1.   7.   7.   0.   0.
  13.  82.  91.   2.   2.   1.   0.   0.   0.  12. 133.  54.   4.   0.
   0.   0.]
[  1.   4.   5.   3.   2.   2.   2.   1.  25.   0.   0.   2.   3.  11.
  17.  76. 109.   0.   0.   0.   0.   3.  17. 154.  65.   0.   0.   0.
   0.   0.   0. 124.  11.  29.  26.  12.   1.   0.   1.   3. 154.  52.
   7.   1.   0.   0.   7. 154. 144.   2.   0.   0.   0.   0.   0. 154.
  41.   0.   0.   0.   0.   0.   0.  62.  16.  15.  10.  22.   3.   0.
   0.   3. 154.  77.   5.   4.   1.   0.   0.  80. 154.   7.   0.   0.
   0.   0.   0.  79.  31.   0.   0.   0.   0.   0.   0.  36.   3.   0.
   0.   0.   0.   0.   0.   2.  97.   0.   0.   0.   0.   0.   0.  86.
  82.   0.   0.   0.   0.   0.   0.  62.  28.   0.   0.   0.   0.   0.
   0.  19.]
[  1.   1.  61. 126.  60.   1.   6.  35.   1.   3.  30.  98. 126. 105.
   7.   1.   8.   1.   0.   2.  41. 126. 126.  48.  30.   3.   0.   1.
   6.  14.  59. 126.  15.  18. 126. 126.   2.   1.   1.   2. 123.  46.
  65.  41.  14.  13.  24.  25.  14.   1.   1.  10.  43.  80.  79.  20.
  24.   8.   2.   6.  26.  13.  14.  27.  19.   4.  12.  21.   3.  17.
 104.  44. 126.  15.  11.  36.   2.   1.  25.  82.  14.   9.  29.  81.
  30.   7.   1.   3.   4.   4.   8.  18.  17.   2.   1.   2.   1.  13.
  58.  12.   0.   2.  63.  19.   4.   2.  45.  91.   0.   0.  16.  21.
  12.  20.  22.  34.   0.   0.   0.   0.   2.   9.   6.   6.   3.   1.
   0.   0.]
[  7.  27.  65.  46.  13.   0.   0.   1.  74.  81.  27.   9.   4.   2.
   7.  19.  11.   4.   4.  14.  20.  24. 128.  40.   3.   9.   4.   1.
   1.  21. 133.  16.  31.  13.   9.  19.  97.  19.   0.   1. 133.  51.
  10.   3.  12.   3.   4.  59.  72.  16.  70.  28.   0.   1.  76. 103.
  21.  19.  39.   9.   0.  34.  95.  11.  19.   1.   0.   0.  70.  42.
   9.  12. 133.  69.  44.   4.   9.  11.   9.  39.  87.  48. 133.  42.
   0.   0.   0.  69.  84.  18.  20.   4.   0.   1.   1.  84.   2.   1.
   2.  14.  12.  10.   4.   3.  63.  26.  24.   6.   1.   2.   3.  36.
 133.   9.  10.   0.   0.   0.   0. 133.  27.   1.   1.   0.   0.   0.
   0.  55.]
[ 36.   4.   0.   0.   0.   0.   0.   6.   5.   1.   0.   1.  11.  12.
  50.  29.   0.   0.   0.   2.  19.  51.  44.   4.   0.   0.   0.   2.
   8.   3.   0.   0.  70.   6.   0.   0.   0.   0.   1.  16. 139.  38.
   9.   8.  14.  41. 122. 139.  14.   8.   9.  38. 139. 139. 117.  37.
   0.   0.   0.   3.  53.  15.   0.   0.  64.  13.   1.   0.   0.   0.
   1.  10. 139. 139. 139.  40.  11.   4.   4.  19.  11.  35. 134. 139.
 139.  21.   3.   4.   0.   0.   0.  12.  50.   6.   0.   0.  33.   9.
   1.   1.   0.   0.   0.   1.   1.  16.  37.   7.   3.   4.   1.   0.
   0.   2.  31.  25.  12.   7.   1.   0.   0.   0.   0.   2.  13.   2.
   0.   0.]
[ 14.   3.   0.   0.   0.   0.   0.   2.  12.   7.   1.   0.   0.   2.
  31.  25.   3.   4.   1.   0.   1.  16.  36.   7.   0.   0.   0.   1.
  35.  10.   1.   1.  49.   7.   0.   0.   0.   0.   0.  12. 139.  22.
   3.   4.  11.  36. 134. 139.  12.   4.   3.  19. 139. 139. 139.  40.
   0.   0.   1.   9.  64.  14.   1.   0.  52.  16.   0.   0.   0.   0.
   0.   3. 139. 139. 115.  37.  14.   8.   9.  36.  15.  42. 123. 139.
 139.  40.   9.   8.   0.   0.   1.  15.  71.   7.   1.   0.   8.   3.
   0.   0.   0.   0.   0.   2.  19.  51.  44.   4.   0.   0.   0.   2.
  12.  12.  51.  29.   5.   1.   0.   1.   1.   0.   0.   5.  34.   4.
   0.   0.]
[127.  81.  20.  46.   0.   0.   3.  39.  61.  39.  59. 114.   1.   0.
   5.  16.  94.  31.   8.   2.   0.   2.  13.   9.   2.   1.   1.   3.
   1.   2.  11.   5. 101. 159.  70.  51.   0.   2.   3.   6. 159.  34.
  48.  66.   0.   0.   0.  34. 156.   6.   2.   1.   0.   0.   0.  31.
   2.   1.   2.   4.   0.   0.   0.   0.  51.  36.  36.  12.   5.   3.
   6.   9. 159.  47.  15.   4.   0.   0.   0.   6. 155.   5.   0.   0.
   0.   0.   0.   4.   3.   1.   0.   0.   0.   0.   0.   1.  42.   3.
   2.  12.  22.   0.   0.   2. 159.   5.   1.   1.   1.   0.   0.  19.
 120.   2.   0.   0.   0.   0.   0.   5.   4.   1.   0.   0.   0.   0.
   0.   2.]
[  1.  36.  50.   0.   0.   0.   0.   0.  30.  51.   8.   0.   0.   0.
   1.   6.  27.  12.   0.   0.   0.   1.   5.   9.   3.   6.   2.   0.
   0.   0.   1.   1.  25. 118. 137.   0.   0.   2.   5.   8. 137. 115.
  26.   0.   0.   1.  15.  61.  38.   4.   0.   0.   2.  64.  72.  46.
   2.   2.   1.   0.   1.  39.   9.   1.  34.  32.  30.   0.   0.  65.
 137. 103. 137.  46.   3.   0.   0.   2.  67. 137.  64.  40.  15.   4.
  11.  56.  17.  17.   1.   2.   1.   1.  15.  90.   6.   1.   2.   1.
   1.  11.  40. 137. 137.  26.  16.   6.   1.   1.   3.  28. 106. 123.
   8.  12.   4.   2.  12.  40.  31.   9.   2.   3.   2.   5.  21.  18.
   1.   0.]
[  4.   5.  12.   2.   0.   0.   0.   0.  26.  24.  33.   3.   0.   0.
   1.  12.  12.  29.  12.   5.   6.  10.  18.  12.   1.   3.  11.  14.
  10.  21.  24.   2.   0.   2.  26.  32.  10.   0.   0.   0.  31.  49.
 105.  78.  39.   1.   0.   1. 144.  97.  38.   8.   6.   6.  36.  70.
  19.   7.   4.   6.   6.  30. 144.  46.   0.   1.  13.  17.  28.   2.
   0.   0.  68.   7.   4.  21. 115.  33.   5.  12. 144. 130.  11.   2.
   6.   5.   8.  53. 110.  96.  18.   0.   0.   7.  61.  57.   0.   0.
  13.  13.   5.   0.   0.   0.  22.   3.   4.  25.  26.  14.   3.  10.
 144.  46.   1.   2.   1.   2.   2. 117. 144.  17.   1.   0.   0.   0.
   0. 144.]
[ 41.  34.   1.   1.  43.  44.   1.   1. 135. 135.   9.   2.   3.   1.
   0.   8.  52.  47.  56. 132.   3.   0.   0.  11.  40.  11.  24. 135.
   5.   0.   0.  15.  14.   7.   0.   1.  66.  86.  16.  13. 135. 101.
  15.   7.   6.  13.  15.  58.  48.  44.  66. 135.  10.   0.   0.   5.
 135.   3.  10.  46.   1.   0.   0.  92.   2.   0.   0.   1.  11.  48.
  19.   9.  46.  22.  26.  11.   3.   8.  16.  36.  68.  18.  42.  61.
   6.   0.   0.   6. 135.   6.   2.   3.   1.   0.   0.  54.   0.   0.
   0.   7.  12.   2.   0.   0.   0.   1.   6.  19.  19.   1.   0.   0.
  97.   3.   9.  15.   4.   0.   0.  19. 135.   1.   0.   0.   0.   0.
   0.  48.]
[  0.   0.   3.  19.  64.  11.   0.   0.  47.  39.  16.  22.  84.  21.
   0.   1. 149.  55.   2.   0.   2.   1.   1.  55.  45.   1.   5.   3.
   0.   2.  45. 127.   0.   0.   0.   0.  73.  17.   0.   0.  71.   8.
   1.   3. 149.  40.   3.   8. 149.  65.  15.   2.   7.   3.   2.  46.
  75.  34. 108.  75.   0.   0.   0.  42.   0.   0.   0.   2.  43.  15.
   0.   0.  26.   2.   0.   0.  63.  75.  33.  42. 149.  55.  47.  13.
   2.   5.  14.  74.  47.  26. 114.  59.   0.   0.   0.  51.   0.   0.
   2.  12.   9.   2.   0.   0.   4.   3.   5.  17.  11.  10.   5.   5.
  33.  20.  50.  11.   1.   0.   1.  18. 132.   6.  12.   4.   0.   0.
   0. 121.]
[  9.  49.  39.  46.  28.  14.   1.   2.  85. 165.  48.   5.   3.   7.
   6.  37. 153. 152.  14.   0.   0.   0.   4.  31.  23.   4.   0.   0.
   0.   0.   0.   6.   1.   5.   1.  18.  34.  33.   3.   0. 142. 150.
   6.   5.  20.  25.   6.   9. 165. 165.   2.   0.   0.   0.   0.  15.
  63.   8.   0.   0.   0.   0.   0.   2.   0.   0.   0.   6.   5.   0.
   0.   0. 102.   3.   0.   7.  13.   1.   0.  55. 165.   9.   0.   0.
   0.   0.   0. 129.  67.   1.   0.   0.   0.   0.   0.   6.   0.   0.
   0.   0.   0.   0.   0.   0.   3.   0.   0.   0.   0.   0.   0.   3.
  20.   0.   0.   0.   0.   0.   0.  13.  13.   0.   0.   0.   0.   0.
   0.   3.]
